346.043945	3757.039795
347.313477	3851.556396
348.582031	3925.136475
349.851563	4024.352783
351.120117	4076.322510
352.389648	4216.987793
353.657227	4270.986328
354.925781	4311.207520
356.194336	4288.352051
357.461914	4425.223145
358.729492	4386.604492
359.996094	4582.730957
361.263672	4656.599121
362.530273	4608.138672
363.796875	4757.049316
365.062500	4842.841797
366.329102	4792.418945
367.594727	4919.728516
368.860352	5043.137695
370.125977	5040.146973
371.390625	5066.798340
372.655273	5105.320801
373.919922	5169.559082
375.184570	5281.277832
376.449219	5335.689453
377.712891	5332.760742
378.976563	5339.724609
380.240234	5459.483887
381.502930	5533.770020
382.765625	5614.025391
384.028320	5567.597168
385.291016	5701.362305
386.552734	5773.778809
387.815430	5814.527832
389.077148	5894.924316
390.337891	5779.147949
391.599609	5879.395020
392.860352	5940.029297
394.121094	6117.689453
395.381836	6049.474609
396.641602	6088.361816
397.901367	6250.287109
399.161133	6209.847656
400.420898	6280.554688
401.679688	6377.101074
402.938477	6362.483398
404.197266	6363.750977
405.456055	6384.886230
406.713867	6501.407227
407.971680	6647.787109
409.229492	6633.216797
410.487305	6660.394531
411.744141	6719.401855
413.000977	6794.346680
414.257813	6851.418457
415.514648	6836.883301
416.770508	6989.519043
418.026367	6996.905273
419.282227	7002.305664
420.537109	7017.666504
421.792969	7146.567383
423.047852	7110.169922
424.301758	7195.308594
425.556641	7392.092285
426.810547	7459.385742
428.064453	7464.899414
429.318359	7410.589844
430.571289	7615.563965
431.824219	7575.231934
433.077148	7676.562988
434.330078	7636.229980
435.582031	7793.514648
436.833984	7857.021484
438.085938	7860.642090
439.337891	7890.233887
440.588867	7907.852051
441.839844	8123.316406
443.090820	8129.000977
444.341797	8156.680664
445.591797	8308.348633
446.841797	8200.079102
448.091797	8291.809570
449.340820	8375.576172
450.589844	8279.265625
451.838867	8535.213867
453.087891	8470.932617
454.335938	8492.735352
455.583984	8494.519531
456.832031	8456.238281
458.080078	8600.288086
459.327148	8614.125000
460.574219	8513.706055
461.821289	8571.645508
463.067383	8607.550781
464.313477	8625.419922
465.559570	8729.570313
466.805664	8857.847656
468.051758	8715.210938
469.296875	8787.329102
470.541992	8799.238281
471.786133	8929.654297
473.031250	8865.263672
474.275391	8822.949219
475.518555	8863.018555
476.762695	8929.239258
478.005859	9023.637695
479.249023	8985.349609
480.492188	8983.252930
481.734375	9200.454102
482.976563	9073.640625
484.218750	9192.332031
485.460938	9190.283203
486.702148	9147.961914
487.943359	9264.736328
489.184570	9224.429688
490.425781	9300.974609
491.666016	9373.522461
492.906250	9315.075195
494.145508	9492.505859
495.385742	9355.411133
496.625000	9549.066406
497.864258	9621.753906
499.102539	9633.933594
500.341797	9674.377930
501.580078	9662.350586
502.817383	9618.009766
504.055664	9749.370117
505.292969	9888.870117
506.530273	9745.541992
507.767578	9812.345703
509.003906	9846.833984
510.240234	9721.604492
511.476563	9881.480469
512.712891	9988.833984
513.948242	9934.371094
515.183594	10134.876953
516.418945	10161.392578
517.653320	10143.378906
518.887695	10046.380859
520.122070	10178.224609
521.356445	10166.284180
522.589844	10245.527344
523.823242	10211.303711
525.056641	10215.583984
526.289063	10209.728516
527.521484	10076.094727
528.753906	10216.270508
529.986328	10238.821289
531.217773	10291.827148
532.449219	10298.166992
533.680664	10215.170898
534.912109	10371.784180
536.142578	10390.336914
537.373047	10482.043945
538.603516	10508.759766
539.833008	10301.728516
541.062500	10373.147461
542.291992	10469.002930
543.521484	10233.349609
544.750000	10270.216797
545.978516	10225.703125
547.207031	10354.180664
548.434570	10346.313477
549.662109	10485.058594
550.889648	10273.540039
552.117188	10188.235352
553.343750	10377.983398
554.570313	10537.244141
555.796875	10376.515625
557.022461	10301.356445
558.248047	10128.267578
559.473633	10271.297852
560.699219	10342.978516
561.923828	10339.178711
563.148438	10419.073242
564.373047	10305.031250
565.597656	10195.023438
566.821289	10323.966797
568.044922	10256.822266
569.268555	10324.529297
570.491211	10453.590820
571.713867	10406.876953
572.936523	10376.503906
574.158203	10348.162109
575.380859	10295.256836
576.602539	10410.134766
577.823242	10406.345703
579.044922	10406.650391
580.265625	10454.055664
581.486328	10419.550781
582.706055	10436.250000
583.925781	10407.875000
585.145508	10527.062500
586.365234	10478.194336
587.584961	10607.705078
588.803711	10540.375000
590.022461	10403.261719
591.240234	10573.885742
592.458008	10410.037109
593.675781	10617.692383
594.893555	10509.221680
596.111328	10589.656250
597.328125	10608.497070
598.544922	10742.416016
599.760742	10730.472656
600.977539	10714.413086
602.193359	10577.030273
603.408203	10618.515625
604.624023	10511.906250
605.838867	10588.374023
607.053711	10753.374023
608.267578	10648.782227
609.482422	10636.797852
610.696289	10748.375977
611.910156	10719.928711
613.123047	10773.885742
614.335938	10735.127930
615.548828	10811.788086
616.761719	10641.064453
617.973633	10682.679688
619.185547	10617.049805
620.397461	10557.580078
621.608398	10661.115234
622.820313	10620.206055
624.030273	10542.114258
625.241211	10592.024414
626.451172	10726.646484
627.662109	10601.005859
628.871094	10588.967773
630.081055	10614.129883
631.290039	10659.979492
632.499023	10499.052734
633.708008	10615.222656
634.916016	10687.999023
636.124023	10529.037109
637.332031	10674.272461
638.539063	10569.063477
639.747070	10528.000977
640.954102	10642.265625
642.160156	10452.034180
643.367188	10653.368164
644.573242	10583.268555
645.778320	10455.087891
646.984375	10486.520508
648.189453	10515.892578
649.394531	10346.115234
650.599609	10578.827148
651.803711	10469.177734
653.007813	10538.016602
654.211914	10440.765625
655.416016	10366.317383
656.619141	10399.862305
657.822266	10389.786133
659.025391	10336.057617
660.227539	10317.645508
661.429688	10423.988281
662.631836	10418.067383
663.833984	10455.830078
665.035156	10385.407227
666.236328	10163.015625
667.437500	10313.161133
668.637695	10361.344727
669.837891	10138.793945
671.038086	10259.871094
672.238281	10297.656250
673.437500	10272.932617
674.636719	10389.954102
675.835938	10523.710938
677.034180	10419.767578
678.232422	10455.544922
679.430664	10445.433594
680.628906	10477.058594
681.826172	10364.656250
683.023438	10531.998047
684.220703	10523.981445
685.416992	10501.337891
686.614258	10499.578125
687.810547	10441.388672
689.005859	10481.422852
690.202148	10266.382813
691.397461	10421.419922
692.591797	10463.566406
693.787109	10390.652344
694.981445	10432.810547
696.175781	10491.734375
697.370117	10360.148438
698.563477	10471.438477
699.756836	10589.063477
700.950195	10490.931641
702.142578	10564.603516
703.335938	10523.017578
704.528320	10397.542969
705.719727	10500.603516
706.912109	10343.600586
708.103516	10518.032227
709.294922	10459.594727
710.485352	10405.328125
711.676758	10323.741211
712.867188	10319.819336
714.056641	10383.113281
715.247070	10555.690430
716.436523	10455.146484
717.625977	10419.718750
718.814453	10300.172852
720.003906	10441.342773
721.192383	10414.298828
722.379883	10319.915039
723.568359	10452.766602
724.755859	10366.766602
725.943359	10474.423828
727.130859	10544.223633
728.317383	10416.055664
729.503906	10334.178711
730.690430	10267.014648
731.875977	10385.308594
733.062500	10294.932617
734.248047	10419.612305
735.432617	10453.649414
736.618164	10447.615234
737.802734	10369.828125
738.987305	10416.539063
740.170898	10573.055664
741.354492	10463.565430
742.538086	10379.371094
743.721680	10223.306641
744.905273	10377.805664
746.087891	10414.009766
747.270508	10386.804688
748.452148	10520.298828
749.634766	10397.924805
750.816406	10226.833984
751.997070	10237.647461
753.178711	10358.527344
754.359375	10470.994141
755.540039	10498.809570
756.720703	10391.082031
757.900391	10486.682617
759.080078	10457.304688
760.259766	10512.691406
761.439453	10398.504883
762.618164	10328.794922
763.796875	10301.471680
764.975586	10314.441406
766.153320	10284.977539
767.331055	10429.538086
768.508789	10338.521484
769.686523	10561.723633
770.863281	10268.925781
772.040039	10305.268555
773.216797	10513.739258
774.393555	10429.008789
775.569336	10346.364258
776.745117	10501.828125
777.920898	10414.907227
779.095703	10444.945313
780.270508	10494.146484
781.445313	10462.496094
782.620117	10352.065430
783.793945	10488.575195
784.967773	10444.120117
786.141602	10433.726563
787.314453	10630.003906
788.487305	10485.382813
789.660156	10564.518555
790.833008	10488.041992
792.004883	10326.224609
793.176758	10349.914063
794.348633	10463.224609
795.520508	10474.149414
796.691406	10246.003906
797.862305	10427.688477
799.033203	10376.677734
800.203125	10295.738281
801.374023	10434.824219
802.543945	10471.394531
803.712891	10606.306641
804.882813	10311.541992
806.051758	10512.770508
807.220703	10329.074219
808.388672	10337.844727
809.556641	10288.838867
810.724609	10383.218750
811.892578	10212.166992
813.060547	10347.256836
814.227539	10182.542969
815.394531	10339.109375
816.560547	10397.173828
817.727539	10401.679688
818.893555	10290.419922
820.059570	10342.077148
821.224609	10423.783203
822.390625	10389.679688
823.555664	10338.392578
824.720703	10501.708984
825.884766	10379.579102
827.048828	10508.621094
828.212891	10395.026367
829.376953	10476.866211
830.540039	10406.184570
831.703125	10451.525391
832.866211	10376.503906
834.029297	10374.553711
835.191406	10361.847656
836.353516	10424.423828
837.515625	10121.251953
838.677734	10347.360352
839.838867	10386.293945
841.000000	10440.316406
842.161133	10494.361328
843.321289	10432.110352
844.481445	10419.384766
845.641602	10342.000977
846.801758	10404.690430
847.960938	10318.641602
849.120117	10430.951172
850.279297	10256.431641
851.438477	10312.680664
852.596680	10327.952148
853.754883	10347.546875
854.913086	10302.381836
856.070313	10490.411133
857.228516	10261.664063
858.385742	10343.908203
859.541992	10251.157227
860.699219	10441.500977
861.855469	10260.091797
863.011719	10418.085938
864.166992	10338.240234
865.323242	10290.807617
866.478516	10254.169922
867.633789	10280.279297
868.788086	10297.740234
869.943359	10224.267578
871.097656	10265.543945
872.251953	10417.314453
873.405273	10389.316406
874.558594	10265.948242
875.711914	10387.469727
876.865234	10459.176758
878.018555	10288.027344
879.170898	10392.279297
880.323242	10294.802734
881.474609	10405.609375
882.626953	10308.089844
883.778320	10208.354492
884.929688	10254.066406
886.080078	10358.442383
887.231445	10217.369141
888.381836	10237.034180
889.532227	10250.186523
890.681641	10276.387695
891.832031	10335.214844
892.981445	10272.271484
894.129883	10309.368164
895.279297	10366.062500
896.427734	10424.958008
897.576172	10287.958984
898.724609	10438.309570
899.872070	10379.652344
901.019531	10366.712891
902.166992	10528.072266
903.314453	10312.482422
904.461914	10356.190430
905.608398	10177.528320
906.754883	10208.137695
907.900391	10452.522461
909.046875	10282.485352
910.192383	10389.512695
911.337891	10551.154297
912.482422	10446.517578
913.627930	10309.078125
914.772461	10457.700195
915.916016	10464.385742
917.060547	10324.670898
918.204102	10449.349609
919.347656	10377.334961
920.491211	10397.122070
921.634766	10434.414063
922.777344	10447.658203
923.919922	10279.301758
925.062500	10471.971680
926.204102	10408.614258
927.345703	10586.069336
928.487305	10404.450195
929.628906	10389.221680
930.770508	10360.839844
931.911133	10437.630859
933.051758	10413.628906
934.191406	10698.738281
935.332031	10323.923828
936.471680	10582.816406
937.611328	10528.106445
938.750977	10747.658203
939.889648	10578.829102
941.028320	10515.296875
942.166992	10407.820313
943.305664	10423.284180
944.443359	10451.934570
945.581055	10377.327148
946.718750	10445.535156
947.856445	10489.591797
948.993164	10316.001953
950.129883	10423.821289
951.266602	10298.529297
952.403320	10472.391602
953.539063	10501.092773
954.674805	10567.222656
955.810547	10549.721680
956.945313	10433.121094
958.081055	10391.353516
959.215820	10415.655273
960.350586	10378.270508
961.484375	10327.643555
962.618164	10254.949219
963.752930	10378.458008
964.885742	10188.855469
966.019531	10127.109375
967.152344	10285.968750
968.285156	10255.109375
969.417969	10193.333984
970.550781	10321.399414
971.682617	10261.816406
972.814453	10412.037109
973.946289	10281.750977
975.077148	10204.438477
976.208008	10186.767578
977.338867	10275.199219
978.469727	10273.010742
979.600586	10297.360352
980.730469	10359.325195
981.860352	10505.393555
982.990234	10412.512695
984.119141	10277.533203
985.249023	10328.472656
986.377930	10277.564453
987.505859	10235.493164
988.634766	10259.867188
989.762695	10313.057617
990.890625	10321.941406
992.018555	10277.622070
993.145508	10315.326172
994.273438	10350.827148
995.400391	10317.573242
996.526367	10319.804688
997.653320	10421.906250
998.779297	10395.301758
999.905273	10264.332031
1001.031250	10266.549805
1002.156250	10315.413086
1003.282227	10304.309570
1004.407227	10384.310547
1005.531250	10422.114258
1006.656250	10393.238281
1007.780273	10457.741211
1008.904297	10397.720703
1010.028320	10331.000000
1011.152344	10426.678711
1012.275391	10279.812500
1013.398438	10444.526367
1014.521484	10417.830078
1015.643555	10544.783203
1016.765625	10547.051758
1017.888672	10382.223633
1019.009766	10495.877930
1020.131836	10473.616211
1021.252930	10585.106445
1022.374023	10411.220703
1023.495117	10299.709961
1024.616211	10395.615234
1025.736328	10449.166016
1026.856445	10442.481445
1027.976563	10464.811523
1029.095703	10509.478516
1030.215820	10525.130859
1031.334961	10621.201172
1032.454102	10547.515625
1033.572266	10433.573242
1034.691406	10563.209961
1035.809570	10453.691406
1036.927734	10659.413086
1038.044922	10581.177734
1039.162109	10451.456055
1040.280273	10570.041992
1041.396484	10529.780273
1042.513672	10366.383789
1043.630859	10585.777344
1044.747070	10520.856445
1045.863281	10617.179688
1046.978516	10359.561523
1048.094727	10478.298828
1049.209961	10449.156250
1050.325195	10375.164063
1051.439453	10330.289063
1052.554688	10541.070313
1053.668945	10543.318359
1054.783203	10419.916992
1055.897461	10561.278320
1057.010742	10475.985352
1058.124023	10496.178711
1059.237305	10350.201172
1060.350586	10466.958008
1061.463867	10505.130859
1062.576172	10448.942383
1063.688477	10394.976563
1064.800781	10367.963867
1065.912109	10520.819336
1067.023438	10500.566406
1068.135742	10446.562500
1069.246094	10356.534180
1070.357422	10311.475586
1071.467773	10417.208008
1072.578125	10554.503906
1073.688477	10419.381836
1074.798828	10423.846680
1075.908203	10254.844727
1077.017578	10482.350586
1078.126953	10392.169922
1079.236328	10261.374023
1080.344727	10430.400391
1081.453125	10430.357422
1082.561523	10319.784180
1083.669922	10468.623047
1084.777344	10443.761719
1085.884766	10504.660156
1086.992188	10301.444336
1088.099609	10423.304688
1089.207031	10411.960938
1090.313477	10427.719727
1091.419922	10459.300781
1092.525391	10423.095703
1093.631836	10373.310547
1094.737305	10314.459961
1095.842773	10386.746094
1096.948242	10282.633789
1098.053711	10171.689453
1099.158203	10216.834961
1100.262695	10359.323242
1101.367188	10293.598633
1102.470703	10365.967773
1103.575195	10345.510742
1104.678711	10338.635742
1105.782227	10286.443359
1106.884766	10322.609375
1107.988281	10408.657227
1109.090820	10497.008789
1110.193359	10540.042969
1111.295898	10381.231445
1112.397461	10365.274414
1113.499023	10428.728516
1114.600586	10492.208008
1115.702148	10551.173828
1116.802734	10523.883789
1117.904297	10421.638672
1119.004883	10403.393555
1120.104492	10296.534180
1121.205078	10398.694336
1122.304688	10409.979492
1123.404297	10469.009766
1124.503906	10425.740234
1125.603516	10434.761719
1126.702148	10468.809570
1127.800781	10509.698242
1128.899414	10420.881836
1129.998047	10518.682617
1131.095703	10375.187500
1132.193359	10418.364258
1133.291016	10443.337891
1134.388672	10529.832031
1135.485352	10484.199219
1136.583008	10424.871094
1137.679688	10534.210938
1138.775391	10413.303711
1139.872070	10433.743164
1140.967773	10518.060547
1142.063477	10429.013672
1143.159180	10406.108398
1144.254883	10465.364258
1145.349609	10419.625977
1146.444336	10385.285156
1147.539063	10478.832031
1148.632813	10341.687500
1149.727539	10471.822266
1150.821289	10405.465820
1151.915039	10377.941406
1153.008789	10393.845703
1154.101563	10396.035156
1155.194336	10432.535156
1156.287109	10448.459961
1157.379883	10466.678711
1158.471680	10416.242188
1159.564453	10283.370117
1160.656250	10299.274414
1161.748047	10406.794922
1162.838867	10534.976563
1163.929688	10438.674805
1165.021484	10207.123047
1166.111328	10225.319336
1167.202148	10144.938477
1168.291992	10238.801758
1169.382813	10318.941406
1170.471680	10309.645508
1171.561523	10286.578125
1172.651367	10272.681641
1173.740234	10456.194336
1174.829102	10398.702148
1175.916992	10421.562500
1177.005859	10409.977539
1178.093750	10439.742188
1179.181641	10352.323242
1180.269531	10345.312500
1181.357422	10441.750977
1182.444336	10296.790039
1183.531250	10282.863281
1184.618164	10508.169922
1185.704102	10427.555664
1186.791016	10438.961914
1187.876953	10266.224609
1188.962891	10277.600586
1190.048828	10337.340820
1191.133789	10454.688477
1192.218750	10413.123047
1193.303711	10332.368164
1194.388672	10500.493164
1195.473633	10507.322266
1196.557617	10428.840820
1197.641602	10283.446289
1198.725586	10269.472656
1199.808594	10398.539063
1200.892578	10511.506836
1201.975586	10472.181641
1203.058594	10465.162109
1204.140625	10358.845703
1205.223633	10430.326172
1206.305664	10568.830078
1207.387695	10573.377930
1208.468750	10603.348633
1209.550781	10464.585938
1210.631836	10547.725586
1211.712891	10561.522461
1212.793945	10457.358398
1213.874023	10360.091797
1214.955078	10616.832031
1216.035156	10507.985352
1217.114258	10630.594727
1218.194336	10456.870117
1219.273438	10472.984375
1220.353516	10431.192383
1221.431641	10595.595703
1222.510742	10614.067383
1223.588867	10516.648438
1224.667969	10604.666016
1225.746094	10583.729492
1226.823242	10632.367188
1227.901367	10544.149414
1228.978516	10458.214844
1230.055664	10704.136719
1231.132813	10704.092773
1232.208984	10731.912109
1233.286133	10720.261719
1234.362305	10631.951172
1235.438477	10578.454102
1236.513672	10729.437500
1237.588867	10720.102539
1238.665039	10717.738281
1239.739258	10487.486328
1240.814453	10482.746094
1241.889648	10529.184570
1242.963867	10573.315430
1244.038086	10650.049805
1245.111328	10489.374023
1246.185547	10601.048828
1247.258789	10563.724609
1248.332031	10689.440430
1249.405273	10607.852539
1250.478516	10721.979492
1251.550781	10719.613281
1252.623047	10752.217773
1253.695313	10745.193359
1254.766602	10752.162109
1255.838867	10759.132813
1256.910156	10703.107422
1257.981445	10551.370117
1259.051758	10600.322266
1260.123047	10635.287109
1261.193359	10618.889648
1262.263672	10656.209961
1263.333984	10625.792969
1264.403320	10590.688477
1265.472656	10670.101563
1266.541992	10735.522461
1267.611328	10707.436523
1268.680664	10740.149414
1269.749023	10688.659180
1270.817383	10620.768555
1271.885742	10758.803711
1272.954102	10770.491211
1274.021484	10796.231445
1275.088867	10882.874023
1276.156250	10859.460938
1277.223633	10866.496094
1278.290039	10793.859375
1279.356445	10695.407227
1280.422852	10632.080078
1281.489258	10671.904297
1282.554688	10678.910156
1283.620117	10723.455078
1284.685547	10739.862305
1285.750977	10714.032227
1286.816406	10704.623047
1287.880859	10573.114258
1288.945313	10561.324219
1290.009766	10702.216797
1291.073242	10582.372070
1292.137695	10723.332031
1293.201172	10850.250977
1294.264648	10852.619141
1295.327148	10805.605469
1296.390625	10678.599609
1297.453125	10975.012695
1298.515625	10869.168945
1299.577148	10819.767578
1300.639648	10805.657227
1301.701172	10709.127930
1302.762695	10763.291016
1303.824219	10753.874023
1304.884766	10852.840820
1305.945313	10848.154297
1307.005859	10871.754883
1308.066406	10968.458008
1309.126953	10937.855469
1310.186523	10838.834961
1311.246094	10982.785156
1312.305664	10938.009766
1313.364258	10860.169922
1314.423828	10888.538086
1315.482422	10942.895508
1316.541016	10883.905273
1317.598633	11037.511719
1318.657227	11006.874023
1319.714844	10969.132813
1320.772461	10971.565430
1321.829102	11000.010742
1322.886719	10794.324219
1323.943359	10945.757813
1325.000000	10846.447266
1326.056641	10860.694336
1327.112305	10986.208008
1328.167969	11012.333984
1329.223633	10929.533203
1330.279297	10953.291992
1331.333984	11033.925781
1332.389648	11019.803711
1333.444336	11048.342773
1334.498047	11086.380859
1335.552734	10901.520508
1336.606445	10982.240234
1337.660156	10816.256836
1338.713867	11025.140625
1339.766602	10973.027344
1340.820313	10849.667969
1341.873047	11001.712891
1342.925781	11084.948242
1343.977539	10899.766602
1345.030273	10643.215820
1346.082031	10788.226563
1347.132813	10914.286133
1348.184570	10888.221680
1349.235352	10774.145508
1350.287109	10938.355469
1351.336914	10850.416992
1352.387695	10724.359375
1353.437500	10869.629883
1354.488281	10945.916016
1355.537109	10838.852539
1356.586914	10788.913086
1357.635742	10734.188477
1358.685547	10882.017578
1359.734375	10662.809570
1360.782227	10732.009766
1361.831055	10834.631836
1362.878906	10789.404297
1363.926758	10880.160156
1364.973633	10679.800781
1366.021484	10684.641602
1367.068359	10720.525391
1368.115234	10567.759766
1369.162109	10770.848633
1370.208008	10878.460938
1371.253906	10589.410156
1372.299805	10613.371094
1373.345703	10620.607422
1374.390625	10584.801758
1375.436523	10745.129883
1376.481445	10711.732422
1377.525391	10608.919922
1378.570313	10620.960938
1379.614258	10501.323242
1380.658203	10484.609375
1381.702148	10575.683594
1382.745117	10494.291992
1383.788086	10554.259766
1384.831055	10537.550781
1385.874023	10470.486328
1386.916016	10633.618164
1387.958984	10576.143555
1389.000977	10559.432617
1390.041992	10557.114258
1391.083984	10480.382813
1392.125000	10571.689453
1393.166016	10526.150391
1394.207031	10348.473633
1395.247070	10490.276367
1396.287109	10415.853516
1397.327148	10560.147461
1398.367188	10591.503906
1399.406250	10543.512695
1400.446289	10572.479492
1401.485352	10461.905273
1402.523438	10339.248047
1403.562500	10404.301758
1404.600586	10430.863281
1405.638672	10317.750977
1406.676758	10445.488281
1407.713867	10554.011719
1408.750977	10554.131836
1409.788086	10416.841797
1410.825195	10450.692383
1411.861328	10351.906250
1412.897461	10320.625000
1413.933594	10381.028320
1414.969727	10330.434570
1416.004883	10301.545898
1417.040039	10381.313477
1418.075195	10306.536133
1419.110352	10154.413086
1420.144531	10408.204102
1421.178711	10437.324219
1422.212891	10560.752930
1423.247070	10541.562500
1424.280273	10418.350586
1425.313477	10539.454102
1426.346680	10602.536133
1427.378906	10537.353516
1428.412109	10527.832031
1429.444336	10363.306641
1430.475586	10511.204102
1431.507813	10341.752930
1432.539063	10465.487305
1433.570313	10305.643555
1434.601563	10422.160156
1435.631836	10405.335938
1436.662109	10400.636719
1437.692383	10267.322266
1438.722656	10337.837891
1439.751953	10391.395508
1440.782227	10294.415039
1441.810547	10204.676758
1442.839844	10214.514648
1443.868164	10416.355469
1444.897461	10392.223633
1445.924805	10455.618164
1446.953125	10280.696289
1447.980469	10232.193359
1449.007813	10285.871094
1450.035156	10171.632813
1451.062500	10164.461914
1452.088867	10388.636719
1453.115234	10181.784180
1454.141602	10118.581055
1455.166992	10077.283203
1456.192383	10057.905273
1457.217773	10153.121094
1458.243164	10175.220703
1459.267578	10175.378906
1460.291992	10112.094727
1461.316406	10092.716797
1462.340820	10041.591797
1463.364258	10012.422852
1464.387695	10034.539063
1465.411133	9861.204102
1466.433594	9915.068359
1467.456055	9824.735352
1468.478516	9959.316406
1469.500977	9988.798828
1470.522461	9913.102539
1471.543945	9954.830078
1472.565430	9910.912109
1473.586914	9891.458008
1474.607422	9916.079102
1475.627930	9820.683594
1476.648438	10024.176758
1477.668945	9825.826172
1478.688477	9588.149414
1479.708008	9718.184570
1480.726563	9769.799805
1481.746094	9796.910156
1482.764648	9765.137695
1483.783203	9809.451172
1484.800781	9814.503906
1485.819336	9682.020508
1486.836914	9691.961914
1487.853516	9470.914063
1488.871094	9480.811523
1489.887695	9444.000977
1490.904297	9434.228516
1491.920898	9350.651367
1492.936523	9456.507813
1493.952148	9313.826172
1494.967773	9464.052734
1495.982422	9360.705078
1496.998047	9328.743164
1498.012695	9321.407227
1499.026367	9176.048828
1500.041016	9139.089844
1501.054688	9040.463867
