346.043945	3241.135986
347.313477	3481.365967
348.582031	3499.732910
349.851563	3590.991211
351.120117	3510.877930
352.389648	3639.615234
353.657227	3693.506592
354.925781	3763.189209
356.194336	3754.033203
357.461914	3784.315186
358.729492	3927.036377
359.996094	4069.812500
361.263672	4042.953857
362.530273	4112.788086
363.796875	4190.545898
365.062500	4183.441406
366.329102	4241.498047
367.594727	4346.978027
368.860352	4454.475098
370.125977	4479.032715
371.390625	4408.747070
372.655273	4561.781250
373.919922	4689.175781
375.184570	4595.166504
376.449219	4564.407715
377.712891	4755.177246
378.976563	4682.893066
380.240234	4798.567871
381.502930	4761.892578
382.765625	4794.488770
384.028320	5025.093262
385.291016	5037.952637
386.552734	5108.259277
387.815430	5190.481445
389.077148	5276.700195
390.337891	5200.440430
391.599609	5092.436035
392.860352	5218.343750
394.121094	5272.912598
395.381836	5398.908203
396.641602	5459.488770
397.901367	5514.142090
399.161133	5560.879883
400.420898	5671.158203
401.679688	5694.124023
402.938477	5707.171387
404.197266	5688.446289
405.456055	5719.380371
406.713867	5813.911133
407.971680	5791.226074
409.229492	5758.594238
410.487305	5847.229980
411.744141	5844.428223
413.000977	5990.799805
414.257813	6001.954102
415.514648	6015.104004
416.770508	6199.416504
418.026367	6248.445313
419.282227	6229.802246
420.537109	6390.377930
421.792969	6363.791504
423.047852	6488.603027
424.301758	6446.087891
425.556641	6465.340332
426.810547	6490.582520
428.064453	6589.607910
429.318359	6660.756348
430.571289	6706.004883
431.824219	6693.416504
433.077148	6742.684082
434.330078	6746.068359
435.582031	6825.314453
436.833984	6862.664063
438.085938	6908.018555
439.337891	7019.312012
440.588867	7050.735352
441.839844	7062.189453
443.090820	7215.562500
444.341797	7245.051270
445.591797	7188.571289
446.841797	7238.069824
448.091797	7391.612793
449.340820	7501.203125
450.589844	7558.807129
451.838867	7450.296875
453.087891	7507.917480
454.335938	7489.467285
455.583984	7428.948730
456.832031	7700.966309
458.080078	7446.101563
459.327148	7618.029297
460.574219	7703.831543
461.821289	7667.362305
463.067383	7654.944824
464.313477	7724.765625
465.559570	7772.547852
466.805664	7720.013672
468.051758	7725.666992
469.296875	7709.239746
470.541992	7795.217285
471.786133	7754.699219
473.031250	7768.405762
474.275391	7926.790039
475.518555	7960.639160
476.762695	7912.085938
478.005859	7887.641113
479.249023	7959.716797
480.492188	8051.939453
481.734375	7989.286133
482.976563	8033.260742
484.218750	8004.795898
485.460938	8034.703125
486.702148	8207.592773
487.943359	8191.234863
489.184570	8178.900391
490.425781	8152.457031
491.666016	8252.972656
492.906250	8264.836914
494.145508	8347.275391
495.385742	8226.066406
496.625000	8223.815430
497.864258	8261.916992
499.102539	8451.385742
500.341797	8570.291992
501.580078	8430.834961
502.817383	8551.810547
504.055664	8610.226563
505.292969	8482.811523
506.530273	8573.571289
507.767578	8646.181641
509.003906	8789.578125
510.240234	8702.534180
511.476563	8712.529297
512.712891	8827.717773
513.948242	8673.859375
515.183594	8742.545898
516.418945	8817.335938
517.653320	8843.569336
518.887695	8886.014648
520.122070	8991.271484
521.356445	9031.745117
522.589844	8827.041016
523.823242	8899.927734
525.056641	9013.392578
526.289063	8911.967773
527.521484	9045.769531
528.753906	9088.342773
529.986328	9110.643555
531.217773	9021.331055
532.449219	9031.449219
533.680664	8942.082031
534.912109	9031.393555
536.142578	9000.896484
537.373047	9116.675781
538.603516	8943.928711
539.833008	8984.538086
541.062500	9075.996094
542.291992	9010.907227
543.521484	9023.084961
544.750000	9035.268555
545.978516	9149.206055
547.207031	8923.281250
548.434570	8860.125000
549.662109	8831.559570
550.889648	9132.940430
552.117188	9010.710938
553.343750	9098.310547
554.570313	9035.126953
555.796875	8992.300781
557.022461	9012.667969
558.248047	9053.439453
559.473633	9033.030273
560.699219	9145.241211
561.923828	9053.414063
563.148438	8967.669922
564.373047	8969.685547
565.597656	9039.097656
566.821289	9039.088867
568.044922	8945.093750
569.268555	9098.337891
570.491211	9069.726563
571.713867	9053.370117
572.936523	9161.752930
574.158203	9108.591797
575.380859	9065.636719
576.602539	9030.848633
577.823242	9047.216797
579.044922	9137.296875
580.265625	9051.307617
581.486328	9079.982422
582.706055	9106.622070
583.925781	9166.060547
585.145508	9147.639648
586.365234	9174.313477
587.584961	9077.964844
588.803711	9043.104492
590.022461	9207.225586
591.240234	9106.714844
592.458008	9297.607422
593.675781	9170.384766
594.893555	9137.560547
596.111328	9330.645508
597.328125	9211.561523
598.544922	9293.791992
599.760742	9211.640625
600.977539	9328.857422
602.193359	9314.531250
603.408203	9176.799805
604.624023	9088.375977
605.838867	9213.902344
607.053711	9277.744141
608.267578	9269.566406
609.482422	9430.222656
610.696289	9240.843750
611.910156	9255.311523
613.123047	9255.363281
614.335938	9201.833008
615.548828	9348.228516
616.761719	9222.531250
617.973633	9253.509766
619.185547	9086.478516
620.397461	9274.247070
621.608398	9243.347656
622.820313	9164.958984
624.030273	9293.000000
625.241211	9249.693359
626.451172	9212.564453
627.662109	9140.294922
628.871094	9150.653320
630.081055	9068.001953
631.290039	9136.239258
632.499023	9206.575195
633.708008	9109.400391
634.916016	9223.208984
636.124023	9260.503906
637.332031	9132.225586
638.539063	9109.476563
639.747070	9068.079102
640.954102	9049.447266
642.160156	9215.193359
643.367188	9136.491211
644.573242	9055.679688
645.778320	9024.587891
646.984375	8983.113281
648.189453	8887.692383
649.394531	9001.763672
650.599609	8966.479492
651.803711	9005.900391
653.007813	8958.144531
654.211914	8941.515625
655.416016	9034.958984
656.619141	8889.535156
657.822266	8795.993164
659.025391	8893.624023
660.227539	8958.037109
661.429688	8870.683594
662.631836	8970.477539
663.833984	8955.899414
665.035156	8989.171875
666.236328	8964.183594
667.437500	8872.566406
668.637695	8989.132813
669.837891	9062.015625
671.038086	8941.191406
672.238281	8951.584961
673.437500	8980.740234
674.636719	8936.945313
675.835938	9132.920898
677.034180	8964.003906
678.232422	8947.292969
679.430664	8995.258789
680.628906	8880.455078
681.826172	8940.951172
683.023438	9122.581055
684.220703	9005.637695
685.416992	8909.530273
686.614258	8963.819336
687.810547	9151.889648
689.005859	9093.375977
690.202148	8944.925781
691.397461	8926.072266
692.591797	8871.648438
693.787109	8871.600586
694.981445	9059.907227
696.175781	9007.568359
697.370117	9097.583984
698.563477	9072.454102
699.756836	8990.753906
700.950195	9070.349609
702.142578	8986.514648
703.335938	9009.547852
704.528320	8988.559570
705.719727	8940.298828
706.912109	8936.065430
708.103516	8912.946289
709.294922	8858.336914
710.485352	8942.243164
711.676758	8883.415039
712.867188	8948.463867
714.056641	8954.726563
715.247070	8984.102539
716.436523	9019.796875
717.625977	8969.324219
718.814453	8967.184570
720.003906	9000.794922
721.192383	8988.143555
722.379883	8979.693359
723.568359	8830.241211
724.755859	8939.625977
725.943359	8996.424805
727.130859	8697.352539
728.317383	8874.184570
729.503906	8989.998047
730.690430	8848.767578
731.875977	8842.373047
733.062500	8760.075195
734.248047	8846.442383
735.432617	8890.664063
736.618164	8820.977539
737.802734	8869.431641
738.987305	8789.153320
740.170898	8810.175781
741.354492	8822.760742
742.538086	8761.422852
743.721680	8803.579102
744.905273	8799.262695
746.087891	8925.992188
747.270508	8892.102539
748.452148	8938.553711
749.634766	8864.463867
750.816406	8858.038086
751.997070	8896.045898
753.178711	8813.426758
754.359375	8885.313477
755.540039	8895.824219
756.720703	8880.922852
757.900391	8954.991211
759.080078	8810.834961
760.259766	9016.329102
761.439453	8901.798828
762.618164	8925.045898
763.796875	8874.069336
764.975586	8922.776367
766.153320	8867.531250
767.331055	8837.728516
768.508789	8831.262695
769.686523	9011.651367
770.863281	8850.178711
772.040039	8952.050781
773.216797	9015.722656
774.393555	8971.030273
775.569336	8828.529297
776.745117	8919.855469
777.920898	8875.108398
779.095703	8877.139648
780.270508	8885.554688
781.445313	8955.692383
782.620117	9019.474609
783.793945	9059.863281
784.967773	8923.503906
786.141602	8906.372070
787.314453	8961.674805
788.487305	9029.790039
789.660156	8910.348633
790.833008	8974.215820
792.004883	8878.165039
793.176758	8986.847656
794.348633	8890.753906
795.520508	8845.833008
796.691406	8948.176758
797.862305	8873.356445
799.033203	8947.989258
800.203125	8969.253906
801.374023	8873.018555
802.543945	8870.767578
803.712891	8763.776367
804.882813	8902.604492
806.051758	8868.278320
807.220703	8821.101563
808.388672	8823.110352
809.556641	8807.999023
810.724609	8803.583008
811.892578	8966.154297
813.060547	8916.800781
814.227539	8792.457031
815.394531	8815.879883
816.560547	8805.026367
817.727539	8830.604492
818.893555	8802.596680
820.059570	8883.936523
821.224609	8849.491211
822.390625	8778.560547
823.555664	8909.299805
824.720703	8937.077148
825.884766	8861.821289
827.048828	8949.720703
828.212891	8925.976563
829.376953	8962.371094
830.540039	8945.064453
831.703125	8785.901367
832.866211	8747.046875
834.029297	8809.232422
835.191406	8738.104492
836.353516	8847.638672
837.515625	8785.091797
838.677734	8903.291992
839.838867	8758.928711
841.000000	8851.338867
842.161133	8855.492188
843.321289	8844.568359
844.481445	8777.621094
845.641602	8852.874023
846.801758	8781.583984
847.960938	8809.438477
849.120117	8701.444336
850.279297	8742.232422
851.438477	8724.786133
852.596680	8780.702148
853.754883	8739.511719
854.913086	8745.797852
856.070313	8849.259766
857.228516	8779.975586
858.385742	8773.310547
859.541992	8675.884766
860.699219	8850.744141
861.855469	8828.954102
863.011719	8807.153320
864.166992	8757.224609
865.323242	8767.845703
866.478516	8724.375000
867.633789	8776.112305
868.788086	8661.185547
869.943359	8704.268555
871.097656	8630.420898
872.251953	8703.840820
873.405273	8675.458008
874.558594	8755.420898
875.711914	8766.053711
876.865234	8713.812500
878.018555	8696.246094
879.170898	8713.375977
880.323242	8789.092773
881.474609	8715.105469
882.626953	8790.853516
883.778320	8797.161133
884.929688	8757.867188
886.080078	8868.425781
887.231445	8766.125000
888.381836	8648.566406
889.532227	8743.957031
890.681641	8813.300781
891.832031	8782.649414
892.981445	8725.884766
894.129883	8747.408203
895.279297	8734.125977
896.427734	8633.780273
897.576172	8600.873047
898.724609	8733.429688
899.872070	8635.191406
901.019531	8876.729492
902.166992	8848.200195
903.314453	8767.353516
904.461914	8797.638672
905.608398	8694.940430
906.754883	8731.763672
907.900391	8775.145508
909.046875	8971.266602
910.192383	8713.574219
911.337891	8687.131836
912.482422	8686.874023
913.627930	8778.330078
914.772461	8727.855469
915.916016	8758.188477
917.060547	8657.427734
918.204102	8727.097656
919.347656	8641.584961
920.491211	8824.981445
921.634766	8759.133789
922.777344	8804.821289
923.919922	8896.475586
925.062500	8898.440430
926.204102	8683.696289
927.345703	8825.738281
928.487305	8871.485352
929.628906	8838.395508
930.770508	8820.625977
931.911133	8809.421875
933.051758	8732.456055
934.191406	8743.149414
935.332031	8747.267578
936.471680	8650.493164
937.611328	8860.808594
938.750977	8748.655273
939.889648	8781.305664
941.028320	8693.230469
942.166992	8684.163086
943.305664	8872.750000
944.443359	8747.289063
945.581055	8793.153320
946.718750	8882.990234
947.856445	8931.100586
948.993164	8891.285156
950.129883	8756.889648
951.266602	8684.022461
952.403320	8813.530273
953.539063	8817.661133
954.674805	8643.507813
955.810547	8678.422852
956.945313	8827.856445
958.081055	8631.563477
959.215820	8673.104492
960.350586	8657.372070
961.484375	8795.908203
962.618164	8606.044922
963.752930	8817.389648
964.885742	8735.510742
966.019531	8788.151367
967.152344	8843.020508
968.285156	8566.889648
969.417969	8562.135742
970.550781	8590.495117
971.682617	8519.494141
972.814453	8497.052734
973.946289	8465.764648
975.077148	8635.544922
976.208008	8531.334961
977.338867	8550.875977
978.469727	8543.890625
979.600586	8607.672852
980.730469	8580.786133
981.860352	8699.917969
982.990234	8555.744141
984.119141	8550.960938
985.249023	8714.440430
986.377930	8663.182617
987.505859	8541.022461
988.634766	8779.929688
989.762695	8413.984375
990.890625	8551.009766
992.018555	8541.777344
993.145508	8627.887695
994.273438	8507.772461
995.400391	8633.840820
996.526367	8686.742188
997.653320	8646.453125
998.779297	8555.091797
999.905273	8474.790039
1001.031250	8494.386719
1002.156250	8578.407227
1003.282227	8669.127930
1004.407227	8653.221680
1005.531250	8746.218750
1006.656250	8774.783203
1007.780273	8594.337891
1008.904297	8627.328125
1010.028320	8646.984375
1011.152344	8677.773438
1012.275391	8721.927734
1013.398438	8888.532227
1014.521484	8790.252930
1015.643555	8569.445313
1016.765625	8675.980469
1017.888672	8800.382813
1019.009766	8726.508789
1020.131836	8717.240234
1021.252930	8803.830078
1022.374023	8863.697266
1023.495117	8740.702148
1024.616211	8581.959961
1025.736328	8735.530273
1026.856445	8672.682617
1027.976563	8853.124023
1029.095703	8825.997070
1030.215820	8720.695313
1031.334961	8617.581055
1032.454102	8804.863281
1033.572266	8733.005859
1034.691406	8837.692383
1035.809570	8904.416992
1036.927734	8854.892578
1038.044922	8682.335938
1039.162109	8827.364258
1040.280273	8735.276367
1041.396484	8786.379883
1042.513672	8636.041992
1043.630859	8803.570313
1044.747070	8800.971680
1045.863281	8977.564453
1046.978516	8782.327148
1048.094727	8772.998047
1049.209961	8833.145508
1050.325195	8922.461914
1051.439453	8863.823242
1052.554688	8879.169922
1053.668945	8728.521484
1054.783203	8822.375977
1055.897461	8797.325195
1057.010742	8830.625000
1058.124023	8774.131836
1059.237305	8809.685547
1060.350586	8741.930664
1061.463867	8824.669922
1062.576172	8842.277344
1063.688477	8729.533203
1064.800781	8744.877930
1065.912109	8751.235352
1067.023438	8667.633789
1068.135742	8559.252930
1069.246094	8558.821289
1070.357422	8558.389648
1071.467773	8591.720703
1072.578125	8793.918945
1073.688477	8611.133789
1074.798828	8576.924805
1075.908203	8479.621094
1077.017578	8625.631836
1078.126953	8616.193359
1079.236328	8512.071289
1080.344727	8626.613281
1081.453125	8531.468750
1082.561523	8695.687500
1083.669922	8749.421875
1084.777344	8593.311523
1085.884766	8780.216797
1086.992188	8605.983398
1088.099609	8668.775391
1089.207031	8663.834961
1090.313477	8604.675781
1091.419922	8577.124023
1092.525391	8712.279297
1093.631836	8612.402344
1094.737305	8591.615234
1095.842773	8475.838867
1096.948242	8642.750977
1098.053711	8744.124023
1099.158203	8560.417969
1100.262695	8718.398438
1101.367188	8645.536133
1102.470703	8663.213867
1103.575195	8705.810547
1104.678711	8682.732422
1105.782227	8702.693359
1106.884766	8699.999023
1107.988281	8819.705078
1109.090820	8646.996094
1110.193359	8578.524414
1111.295898	8825.293945
1112.397461	8681.966797
1113.499023	8667.916016
1114.600586	8676.554688
1115.702148	8741.947266
1116.802734	8657.511719
1117.904297	8668.422852
1119.004883	8645.265625
1120.104492	8631.185547
1121.205078	8769.353516
1122.304688	8803.024414
1123.404297	8811.701172
1124.503906	8831.750000
1125.603516	8719.894531
1126.702148	8742.207031
1127.800781	8807.759766
1128.899414	8584.312500
1129.998047	8715.870117
1131.095703	8606.145508
1132.193359	8671.722656
1133.291016	8691.772461
1134.388672	8707.273438
1135.485352	8658.977539
1136.583008	8815.785156
1137.679688	8687.703125
1138.775391	8627.970703
1139.872070	8700.487305
1140.967773	8825.499023
1142.063477	8740.659180
1143.159180	8726.526367
1144.254883	8609.673828
1145.349609	8682.260742
1146.444336	8656.687500
1147.539063	8576.289063
1148.632813	8763.135742
1149.727539	8682.724609
1150.821289	8775.969727
1151.915039	8517.226563
1153.008789	8663.062500
1154.101563	8662.600586
1155.194336	8685.011719
1156.287109	8792.080078
1157.379883	8665.788086
1158.471680	8768.319336
1159.564453	8786.191406
1160.656250	8808.650391
1161.748047	8695.995117
1162.838867	8635.977539
1163.929688	8626.341797
1165.021484	8483.783203
1166.111328	8556.627930
1167.202148	8462.139648
1168.291992	8679.476563
1169.382813	8637.727539
1170.471680	8563.842773
1171.561523	8544.996094
1172.651367	8645.484375
1173.740234	8654.193359
1174.829102	8584.840820
1175.916992	8616.505859
1177.005859	8556.303711
1178.093750	8610.949219
1179.181641	8635.745117
1180.269531	8566.314453
1181.357422	8646.284180
1182.444336	8657.305664
1183.531250	8601.634766
1184.618164	8608.049805
1185.704102	8623.671875
1186.791016	8512.724609
1187.876953	8507.615234
1188.962891	8580.783203
1190.048828	8522.721680
1191.133789	8519.914063
1192.218750	8590.827148
1193.303711	8604.162109
1194.388672	8693.560547
1195.473633	8676.955078
1196.557617	8621.144531
1197.641602	8629.884766
1198.725586	8557.894531
1199.808594	8628.918945
1200.892578	8626.127930
1201.975586	8632.567383
1203.058594	8756.751953
1204.140625	8737.822266
1205.223633	8638.046875
1206.305664	8709.177734
1207.387695	8796.513672
1208.468750	8724.420898
1209.550781	8700.839844
1210.631836	8647.192383
1211.712891	8741.527344
1212.793945	8771.135742
1213.874023	8710.528320
1214.955078	8717.001953
1216.035156	8841.520508
1217.114258	8674.398438
1218.194336	8743.387695
1219.273438	8830.934570
1220.353516	8742.465820
1221.431641	8769.807617
1222.510742	8641.890625
1223.588867	8599.683594
1224.667969	8708.160156
1225.746094	8649.716797
1226.823242	8755.930664
1227.901367	8794.911133
1228.978516	8683.080078
1230.055664	8807.935547
1231.132813	8858.559570
1232.208984	8788.465820
1233.286133	8778.724609
1234.362305	8880.478516
1235.438477	8775.493164
1236.513672	8747.152344
1237.588867	8821.073242
1238.665039	8862.477539
1239.739258	8899.248047
1240.814453	8754.616211
1241.889648	8658.776367
1242.963867	8786.276367
1244.038086	8797.462891
1245.111328	8699.243164
1246.185547	8866.416992
1247.258789	8858.997070
1248.332031	8797.999023
1249.405273	8953.651367
1250.478516	8976.541016
1251.550781	8857.258789
1252.623047	8870.812500
1253.695313	8910.022461
1254.766602	8876.947266
1255.838867	8876.518555
1256.910156	8862.088867
1257.981445	8859.323242
1259.051758	8926.586914
1260.123047	8893.481445
1261.193359	8808.984375
1262.263672	8976.723633
1263.333984	8962.299805
1264.403320	8831.026367
1265.472656	8828.252930
1266.541992	9028.873047
1267.611328	8930.268555
1268.680664	8929.854492
1269.749023	8866.277344
1270.817383	8889.249023
1271.885742	8872.444336
1272.954102	8946.927734
1274.021484	9016.761719
1275.088867	9016.369141
1276.156250	9020.661133
1277.223633	9001.526367
1278.290039	8912.081055
1279.356445	8914.010742
1280.422852	8925.320313
1281.489258	8960.084961
1282.554688	8971.410156
1283.620117	8907.669922
1284.685547	8942.455078
1285.750977	8942.050781
1286.816406	9021.461914
1287.880859	8978.811523
1288.945313	8877.430664
1290.009766	8954.533203
1291.073242	8843.705078
1292.137695	9064.188477
1293.201172	8845.211914
1294.264648	8957.642578
1295.327148	8853.776367
1296.390625	9032.119141
1297.453125	8911.757813
1298.515625	9021.951172
1299.577148	9009.803711
1300.639648	9061.214844
1301.701172	9044.363281
1302.762695	8982.755859
1303.824219	9154.337891
1304.884766	9109.223633
1305.945313	9144.218750
1307.005859	9007.149414
1308.066406	9197.754883
1309.126953	9107.804688
1310.186523	9114.528320
1311.246094	9059.913086
1312.305664	9040.671875
1313.364258	9106.397461
1314.423828	9032.859375
1315.482422	9108.059570
1316.541016	9069.920898
1317.598633	9064.840820
1318.657227	9092.840820
1319.714844	9073.583984
1320.772461	9103.964844
1321.829102	9103.620117
1322.886719	9013.403320
1323.943359	9081.643555
1325.000000	9149.915039
1326.056641	9118.818359
1327.112305	9090.075195
1328.167969	9058.953125
1329.223633	9198.333008
1330.279297	9041.676758
1331.333984	9152.685547
1332.389648	9116.813477
1333.444336	9147.297852
1334.498047	9175.425781
1335.552734	9113.453125
1336.606445	9186.656250
1337.660156	9174.482422
1338.713867	9152.812500
1339.766602	9192.847656
1340.820313	9014.483398
1341.873047	9064.005859
1342.925781	9194.307617
1343.977539	9160.745117
1345.030273	9010.733398
1346.082031	9048.419922
1347.132813	9050.465820
1348.184570	8957.399414
1349.235352	9083.104492
1350.287109	8980.490234
1351.336914	8951.593750
1352.387695	8986.946289
1353.437500	8991.369141
1354.488281	9069.609375
1355.537109	8883.524414
1356.586914	9054.683594
1357.635742	8944.759766
1358.685547	8844.321289
1359.734375	8853.493164
1360.782227	9005.731445
1361.831055	9084.110352
1362.878906	8988.387695
1363.926758	8804.339844
1364.973633	8856.478516
1366.021484	8882.383789
1367.068359	8781.757813
1368.115234	8829.154297
1369.162109	8964.958008
1370.208008	8849.949219
1371.253906	8849.602539
1372.299805	8882.721680
1373.345703	8846.520508
1374.390625	8839.002930
1375.436523	8884.107422
1376.481445	8814.389648
1377.525391	8964.812500
1378.570313	8751.460938
1379.614258	8815.748047
1380.658203	8777.088867
1381.702148	8850.996094
1382.745117	8759.619141
1383.788086	8778.441406
1384.831055	8689.404297
1385.874023	8765.765625
1386.916016	8727.049805
1387.958984	8671.526367
1389.000977	8793.528320
1390.041992	8713.999023
1391.083984	8689.644531
1392.125000	8737.310547
1393.166016	8672.125977
1394.207031	8669.369141
1395.247070	8781.942383
1396.287109	8709.518555
1397.327148	8646.676758
1398.367188	8893.978516
1399.406250	8694.069336
1400.446289	8667.267578
1401.485352	8801.666992
1402.523438	8777.289063
1403.562500	8702.348633
1404.600586	8800.740234
1405.638672	8766.716797
1406.676758	8696.542969
1407.713867	8896.212891
1408.750977	8686.250977
1409.788086	8726.907227
1410.825195	8560.211914
1411.861328	8839.640625
1412.897461	8547.446289
1413.933594	8624.312500
1414.969727	8674.667969
1416.004883	8708.150391
1417.040039	8724.747070
1418.075195	8688.214844
1419.110352	8770.049805
1420.144531	8627.185547
1421.178711	8660.707031
1422.212891	8597.536133
1423.247070	8623.815430
1424.280273	8734.772461
1425.313477	8681.257813
1426.346680	8666.441406
1427.378906	8658.881836
1428.412109	8803.863281
1429.444336	8738.211914
1430.475586	8607.124023
1431.507813	8650.435547
1432.539063	8759.210938
1433.570313	8615.916016
1434.601563	8654.418945
1435.631836	8547.413086
1436.662109	8532.548828
1437.692383	8566.212891
1438.722656	8626.596680
1439.751953	8619.031250
1440.782227	8623.606445
1441.810547	8540.739258
1442.839844	8467.550781
1443.868164	8554.729492
1444.897461	8517.977539
1445.924805	8566.312500
1446.953125	8451.719727
1447.980469	8375.997070
1449.007813	8434.073242
1450.035156	8538.426758
1451.062500	8528.410156
1452.088867	8552.482422
1453.115234	8335.422852
1454.141602	8444.739258
1455.166992	8495.625000
1456.192383	8441.717773
1457.217773	8436.551758
1458.243164	8565.526367
1459.267578	8496.965820
1460.291992	8323.445313
1461.316406	8328.016602
1462.340820	8291.088867
1463.364258	8271.238281
1464.387695	8312.447266
1465.411133	8187.535645
1466.433594	8299.624023
1467.456055	8367.770508
1468.478516	8272.125000
1469.500977	8264.484375
1470.522461	8225.037109
1471.543945	8087.687988
1472.565430	8148.537109
1473.586914	8140.865723
1474.607422	8201.765625
1475.627930	8093.673828
1476.648438	8259.960938
1477.668945	8036.638672
1478.688477	8038.747070
1479.708008	8038.407715
1480.726563	8170.525391
1481.746094	8148.143555
1482.764648	8118.390625
1483.783203	8100.898438
1484.800781	8053.933594
1485.819336	8156.770508
1486.836914	7994.333008
1487.853516	7898.162598
1488.871094	7951.886230
1489.887695	7877.787109
1490.904297	7779.057129
1491.920898	7805.739746
1492.936523	7837.360840
1493.952148	7745.932617
1494.967773	7851.420898
1495.982422	7774.729492
1496.998047	7791.606934
1498.012695	7786.319824
1499.026367	7830.326660
1500.041016	7615.497070
1501.054688	7464.670898
