346.043945	3231.290527
347.313477	3375.034668
348.582031	3375.656738
349.851563	3429.465576
351.120117	3467.533936
352.389648	3533.205322
353.657227	3579.193115
354.925781	3648.854492
356.194336	3736.288330
357.461914	3699.518311
358.729492	3824.471924
359.996094	3856.753906
361.263672	3906.807617
362.530273	3966.748779
363.796875	4024.739990
365.062500	4076.831543
366.329102	4097.350098
367.594727	4147.502930
368.860352	4278.666504
370.125977	4344.681641
371.390625	4319.821289
372.655273	4346.341797
373.919922	4428.226563
375.184570	4490.371582
376.449219	4596.049805
377.712891	4553.418457
378.976563	4558.253418
380.240234	4733.268066
381.502930	4765.850586
382.765625	4731.142578
384.028320	4886.497070
385.291016	4822.097168
386.552734	4866.612305
387.815430	5000.295898
389.077148	5015.144043
390.337891	4962.615723
391.599609	5112.258789
392.860352	5051.800781
394.121094	5175.743652
395.381836	5164.863281
396.641602	5245.235840
397.901367	5291.909668
399.161133	5340.588379
400.420898	5438.912598
401.679688	5517.423340
402.938477	5530.435547
404.197266	5406.407715
405.456055	5588.265625
406.713867	5613.226074
407.971680	5620.311523
409.229492	5587.645508
410.487305	5708.057617
411.744141	5723.125000
413.000977	5744.166504
414.257813	5705.536621
415.514648	5798.218262
416.770508	5908.850098
418.026367	6021.519043
419.282227	6068.532227
420.537109	6093.660156
421.792969	6122.784180
423.047852	6219.655762
424.301758	6242.841797
425.556641	6218.206543
426.810547	6456.694336
428.064453	6402.187988
429.318359	6425.436035
430.571289	6444.706055
431.824219	6428.073730
433.077148	6475.291504
434.330078	6638.291016
435.582031	6597.737305
436.833984	6708.917969
438.085938	6688.335938
439.337891	6779.608887
440.588867	6864.926758
441.839844	6798.406738
443.090820	6969.713867
444.341797	7153.088867
445.591797	7132.582031
446.841797	7010.067383
448.091797	7093.547852
449.340820	7273.105469
450.589844	7154.550293
451.838867	7236.115723
453.087891	7283.680664
454.335938	7261.178711
455.583984	7316.783691
456.832031	7334.349121
458.080078	7383.984375
459.327148	7622.038086
460.574219	7503.367188
461.821289	7446.805176
463.067383	7512.555176
464.313477	7455.973633
465.559570	7495.673340
466.805664	7489.235840
468.051758	7625.307617
469.296875	7657.041992
470.541992	7650.638672
471.786133	7732.606445
473.031250	7752.334473
474.275391	7772.072266
475.518555	7763.683105
476.762695	7857.811035
478.005859	7779.067871
479.249023	7738.501953
480.492188	7897.055664
481.734375	7902.773926
482.976563	7942.705566
484.218750	7888.055176
485.460938	7950.148438
486.702148	8072.678711
487.943359	8056.291992
489.184570	8084.218750
490.425781	8237.084961
491.666016	8194.526367
492.906250	8008.828125
494.145508	8161.780762
495.385742	8318.833984
496.625000	8149.182129
497.864258	8267.969727
499.102539	8283.891602
500.341797	8447.166992
501.580078	8350.080078
502.817383	8442.767578
504.055664	8485.001953
505.292969	8575.741211
506.530273	8589.736328
507.767578	8720.961914
509.003906	8609.663086
510.240234	8672.205078
511.476563	8633.655273
512.712891	8718.483398
513.948242	8890.351563
515.183594	8868.017578
516.418945	8734.344727
517.653320	8849.642578
518.887695	8819.187500
520.122070	8875.817383
521.356445	8806.862305
522.589844	8768.275391
523.823242	8999.243164
525.056641	8962.709961
526.289063	8964.689453
527.521484	9139.066406
528.753906	9033.569336
529.986328	9049.771484
531.217773	9159.340820
532.449219	9222.269531
533.680664	9067.968750
534.912109	9149.185547
536.142578	9222.313477
537.373047	9161.375000
538.603516	9293.475586
539.833008	9222.364258
541.062500	9285.411133
542.291992	9157.327148
543.521484	9177.672852
544.750000	9297.720703
545.978516	9106.471680
547.207031	9128.858398
548.434570	9210.295898
549.662109	9222.534180
550.889648	9163.492188
552.117188	9183.876953
553.343750	9218.534180
554.570313	9379.574219
555.796875	9269.551758
557.022461	9243.082031
558.248047	9265.549805
559.473633	9118.709961
560.699219	9230.940430
561.923828	9277.912109
563.148438	9143.226563
564.373047	9188.159180
565.597656	9194.310547
566.821289	9155.524414
568.044922	9218.880859
569.268555	9253.655273
570.491211	9357.946289
571.713867	9341.654297
572.936523	9292.635742
574.158203	9272.231445
575.380859	9255.911133
576.602539	9237.537109
577.823242	9337.874023
579.044922	9348.173828
580.265625	9495.681641
581.486328	9297.098633
582.706055	9370.908203
583.925781	9375.079102
585.145508	9483.784180
586.365234	9420.329102
587.584961	9551.651367
588.803711	9426.651367
590.022461	9420.583984
591.240234	9445.292969
592.458008	9568.531250
593.675781	9429.052734
594.893555	9599.572266
596.111328	9449.768555
597.328125	9591.610352
598.544922	9532.147461
599.760742	9595.973633
600.977539	9631.047852
602.193359	9598.285156
603.408203	9664.226563
604.624023	9565.628906
605.838867	9584.268555
607.053711	9664.659180
608.267578	9705.974609
609.482422	9695.833984
610.696289	9551.823242
611.910156	9611.680664
613.123047	9655.083008
614.335938	9684.079102
615.548828	9764.621094
616.761719	9610.153320
617.973633	9546.355469
619.185547	9575.353516
620.397461	9660.072266
621.608398	9629.261719
622.820313	9681.003906
624.030273	9701.800781
625.241211	9629.675781
626.451172	9652.536133
627.662109	9607.226563
628.871094	9568.095703
630.081055	9588.889648
631.290039	9661.381836
632.499023	9572.604492
633.708008	9638.919922
634.916016	9601.820313
636.124023	9508.830078
637.332031	9490.311523
638.539063	9424.167969
639.747070	9755.588867
640.954102	9610.765625
642.160156	9505.239258
643.367188	9426.604492
644.573242	9434.986328
645.778320	9447.518555
646.984375	9495.308594
648.189453	9574.232422
649.394531	9501.746094
650.599609	9404.324219
651.803711	9400.258789
653.007813	9360.898438
654.211914	9468.952148
655.416016	9489.822266
656.619141	9406.827148
657.822266	9452.627930
659.025391	9463.115234
660.227539	9429.950195
661.429688	9313.593750
662.631836	9428.048828
663.833984	9413.575195
665.035156	9382.448242
666.236328	9390.851563
667.437500	9363.867188
668.637695	9436.819336
669.837891	9528.549805
671.038086	9351.585938
672.238281	9432.919922
673.437500	9337.134766
674.636719	9282.999023
675.835938	9418.585938
677.034180	9401.984375
678.232422	9518.884766
679.430664	9423.007813
680.628906	9431.439453
681.826172	9467.012695
683.023438	9433.697266
684.220703	9356.506836
685.416992	9529.958984
686.614258	9569.765625
687.810547	9496.731445
689.005859	9444.568359
690.202148	9555.471680
691.397461	9526.302734
692.591797	9400.893555
693.787109	9516.046875
694.981445	9411.503906
696.175781	9522.525391
697.370117	9474.468750
698.563477	9476.651367
699.756836	9495.593750
700.950195	9677.973633
702.142578	9619.426758
703.335938	9535.698242
704.528320	9512.735352
705.719727	9357.637695
706.912109	9286.375977
708.103516	9273.828125
709.294922	9448.052734
710.485352	9422.941406
711.676758	9420.913086
712.867188	9328.579102
714.056641	9456.762695
715.247070	9431.626953
716.436523	9433.799805
717.625977	9421.258789
718.814453	9322.507813
720.003906	9482.379883
721.192383	9164.834961
722.379883	9322.638672
723.568359	9303.741211
724.755859	9491.117188
725.943359	9449.087891
727.130859	9457.581055
728.317383	9255.439453
729.503906	9392.409180
730.690430	9436.718750
731.875977	9352.468750
733.062500	9546.478516
734.248047	9457.997070
735.432617	9369.473633
736.618164	9291.457031
737.802734	9346.351563
738.987305	9479.367188
740.170898	9428.766602
741.354492	9483.728516
742.538086	9414.093750
743.721680	9399.357422
744.905273	9257.822266
746.087891	9420.588867
747.270508	9405.840820
748.452148	9539.109375
749.634766	9325.559570
750.816406	9391.169922
751.997070	9276.942383
753.178711	9296.005859
754.359375	9410.345703
755.540039	9427.329102
756.720703	9283.349609
757.900391	9365.984375
759.080078	9402.038086
760.259766	9325.775391
761.439453	9414.833984
762.618164	9387.307617
763.796875	9421.275391
764.975586	9323.728516
766.153320	9349.208008
767.331055	9391.677734
768.508789	9357.741211
769.686523	9429.958008
770.863281	9396.013672
772.040039	9417.286133
773.216797	9498.062500
774.393555	9491.737305
775.569336	9576.818359
776.745117	9423.790039
777.920898	9413.187500
779.095703	9423.850586
780.270508	9406.857422
781.445313	9394.112305
782.620117	9426.063477
783.793945	9360.083984
784.967773	9453.802734
786.141602	9389.927734
787.314453	9466.648438
788.487305	9526.353516
789.660156	9392.103516
790.833008	9500.857422
792.004883	9477.435547
793.176758	9454.001953
794.348633	9338.811523
795.520508	9426.307617
796.691406	9520.246094
797.862305	9447.690430
799.033203	9522.454102
800.203125	9398.599609
801.374023	9477.657227
802.543945	9511.873047
803.712891	9481.978516
804.882813	9509.794922
806.051758	9424.283203
807.220703	9494.876953
808.388672	9458.528320
809.556641	9415.743164
810.724609	9368.656250
811.892578	9426.451172
813.060547	9473.565430
814.227539	9400.752930
815.394531	9578.565430
816.560547	9432.885742
817.727539	9486.469727
818.893555	9435.028320
820.059570	9377.130859
821.224609	9381.405273
822.390625	9512.252930
823.555664	9413.559570
824.720703	9428.573242
825.884766	9342.695313
827.048828	9366.286133
828.212891	9327.602539
829.376953	9525.205078
830.540039	9385.548828
831.703125	9299.558594
832.866211	9406.999023
834.029297	9449.981445
835.191406	9501.585938
836.353516	9624.200195
837.515625	9443.489258
838.677734	9492.971680
839.838867	9411.166992
841.000000	9389.610352
842.161133	9449.877930
843.321289	9357.234375
844.481445	9544.638672
845.641602	9445.507813
846.801758	9268.731445
847.960938	9326.879883
849.120117	9395.834961
850.279297	9283.633789
851.438477	9391.443359
852.596680	9350.400391
853.754883	9566.193359
854.913086	9335.184570
856.070313	9248.750977
857.228516	9468.982422
858.385742	9406.301758
859.541992	9216.101563
860.699219	9285.176758
861.855469	9416.974609
863.011719	9412.604492
864.166992	9382.277344
865.323242	9546.632813
866.478516	9566.086914
867.633789	9384.272461
868.788086	9330.094727
869.943359	9433.955078
871.097656	9527.031250
872.251953	9388.364258
873.405273	9440.302734
874.558594	9381.737305
875.711914	9305.802734
876.865234	9411.958008
878.018555	9270.935547
879.170898	9329.408203
880.323242	9348.852539
881.474609	9327.072266
882.626953	9218.458008
883.778320	9350.783203
884.929688	9163.947266
886.080078	9422.294922
887.231445	9367.913086
888.381836	9359.139648
889.532227	9296.023438
890.681641	9222.008789
891.832031	9343.661133
892.981445	9463.191406
894.129883	9493.581055
895.279297	9362.965820
896.427734	9240.996094
897.576172	9295.298828
898.724609	9303.900391
899.872070	9244.991211
901.019531	9453.989258
902.166992	9375.475586
903.314453	9379.739258
904.461914	9403.621094
905.608398	9281.434570
906.754883	9351.099609
907.900391	9348.812500
909.046875	9307.252930
910.192383	9396.606445
911.337891	9492.546875
912.482422	9509.933594
913.627930	9367.918945
914.772461	9442.071289
915.916016	9354.592773
917.060547	9361.034180
918.204102	9336.878906
919.347656	9367.364258
920.491211	9428.473633
921.634766	9382.443359
922.777344	9362.641602
923.919922	9629.460938
925.062500	9552.801758
926.204102	9342.580078
927.345703	9384.052734
928.487305	9331.375000
929.628906	9403.527344
930.770508	9517.336914
931.911133	9574.220703
933.051758	9628.935547
934.191406	9523.630859
935.332031	9481.871094
936.471680	9396.225586
937.611328	9507.983398
938.750977	9406.943359
939.889648	9501.193359
941.028320	9540.601563
942.166992	9573.438477
943.305664	9487.692383
944.443359	9564.464844
945.581055	9551.184570
946.718750	9357.687500
947.856445	9405.902344
948.993164	9553.075195
950.129883	9412.226563
951.266602	9317.506836
952.403320	9227.145508
953.539063	9301.785156
954.674805	9407.270508
955.810547	9338.880859
956.945313	9448.823242
958.081055	9442.080078
959.215820	9378.055664
960.350586	9404.343750
961.484375	9298.405273
962.618164	9463.563477
963.752930	9430.351563
964.885742	9414.767578
966.019531	9467.556641
967.152344	9432.114258
968.285156	9520.237305
969.417969	9290.545898
970.550781	9177.765625
971.682617	9292.386719
972.814453	9245.818359
973.946289	9113.068359
975.077148	9252.053711
976.208008	9262.908203
977.338867	9287.029297
978.469727	9317.793945
979.600586	9364.051758
980.730469	9259.905273
981.860352	9151.287109
982.990234	9343.598633
984.119141	9283.647461
985.249023	9341.012695
986.377930	9362.969727
987.505859	9353.925781
988.634766	9200.870117
989.762695	9247.183594
990.890625	9311.247070
992.018555	9297.745117
993.145508	9160.062500
994.273438	9244.106445
995.400391	9308.221680
996.526367	9405.644531
997.653320	9174.650391
998.779297	9294.283203
999.905273	9318.494141
1001.031250	9347.157227
1002.156250	9440.246094
1003.282227	9373.411133
1004.407227	9202.103516
1005.531250	9408.575195
1006.656250	9274.993164
1007.780273	9297.005859
1008.904297	9445.800781
1010.028320	9278.768555
1011.152344	9376.445313
1012.275391	9238.254883
1013.398438	9128.943359
1014.521484	9226.648438
1015.643555	9380.068359
1016.765625	9431.090820
1017.888672	9497.729492
1019.009766	9513.142578
1020.131836	9421.573242
1021.252930	9541.754883
1022.374023	9528.196289
1023.495117	9454.411133
1024.616211	9402.901367
1025.736328	9585.654297
1026.856445	9498.440430
1027.976563	9554.051758
1029.095703	9511.446289
1030.215820	9587.181641
1031.334961	9618.274414
1032.454102	9544.373047
1033.572266	9617.926758
1034.691406	9438.941406
1035.809570	9684.643555
1036.927734	9519.009766
1038.044922	9521.046875
1039.162109	9643.883789
1040.280273	9498.270508
1041.396484	9374.973633
1042.513672	9421.747070
1043.630859	9553.620117
1044.747070	9459.365234
1045.863281	9526.342773
1046.978516	9615.752930
1048.094727	9635.732422
1049.209961	9590.720703
1050.325195	9505.335938
1051.439453	9415.429688
1052.554688	9534.062500
1053.668945	9500.203125
1054.783203	9652.558594
1055.897461	9580.556641
1057.010742	9504.033203
1058.124023	9577.903320
1059.237305	9535.030273
1060.350586	9557.275391
1061.463867	9507.637695
1062.576172	9442.249023
1063.688477	9372.335938
1064.800781	9488.979492
1065.912109	9358.334961
1067.023438	9445.787109
1068.135742	9362.315430
1069.246094	9350.805664
1070.357422	9393.299805
1071.467773	9420.055664
1072.578125	9437.816406
1073.688477	9270.930664
1074.798828	9290.917969
1075.908203	9272.614258
1077.017578	9209.236328
1078.126953	9362.193359
1079.236328	9485.910156
1080.344727	9361.656250
1081.453125	9318.538086
1082.561523	9437.809570
1083.669922	9460.115234
1084.777344	9387.651367
1085.884766	9310.640625
1086.992188	9366.795898
1088.099609	9377.812500
1089.207031	9551.449219
1090.313477	9370.490234
1091.419922	9440.258789
1092.525391	9333.777344
1093.631836	9555.019531
1094.737305	9242.768555
1095.842773	9267.338867
1096.948242	9285.132813
1098.053711	9318.769531
1099.158203	9345.631836
1100.262695	9315.921875
1101.367188	9304.308594
1102.470703	9442.132813
1103.575195	9475.835938
1104.678711	9321.535156
1105.782227	9470.778320
1106.884766	9511.304688
1107.988281	9415.845703
1109.090820	9560.666016
1110.193359	9512.796875
1111.295898	9362.840820
1112.397461	9528.158203
1113.499023	9527.900391
1114.600586	9579.841797
1115.702148	9506.952148
1116.802734	9486.253906
1117.904297	9456.461914
1119.004883	9547.044922
1120.104492	9478.627930
1121.205078	9514.713867
1122.304688	9566.725586
1123.404297	9573.290039
1124.503906	9520.736328
1125.603516	9415.848633
1126.702148	9401.910156
1127.800781	9601.845703
1128.899414	9599.318359
1129.998047	9523.948242
1131.095703	9619.303711
1132.193359	9598.558594
1133.291016	9432.030273
1134.388672	9552.484375
1135.485352	9433.728516
1136.583008	9453.949219
1137.679688	9506.093750
1138.775391	9592.460938
1139.872070	9594.482422
1140.967773	9398.049805
1142.063477	9377.214844
1143.159180	9468.189453
1144.254883	9388.013672
1145.349609	9501.858398
1146.444336	9453.624023
1147.539063	9636.048828
1148.632813	9530.709961
1149.727539	9471.024414
1150.821289	9409.028320
1151.915039	9550.449219
1153.008789	9390.128906
1154.101563	9604.784180
1155.194336	9526.750977
1156.287109	9563.075195
1157.379883	9382.025391
1158.471680	9480.130859
1159.564453	9502.731445
1160.656250	9408.563477
1161.748047	9465.511719
1162.838867	9618.692383
1163.929688	9377.852539
1165.021484	9455.454102
1166.111328	9347.422852
1167.202148	9438.804688
1168.291992	9493.536133
1169.382813	9527.647461
1170.471680	9426.420898
1171.561523	9293.027344
1172.651367	9402.854492
1173.740234	9443.860352
1174.829102	9386.154297
1175.916992	9234.266602
1177.005859	9371.736328
1178.093750	9366.820313
1179.181641	9405.562500
1180.269531	9359.278320
1181.357422	9388.839844
1182.444336	9508.089844
1183.531250	9457.198242
1184.618164	9475.295898
1185.704102	9454.286133
1186.791016	9465.487305
1187.876953	9373.109375
1188.962891	9400.413086
1190.048828	9501.417969
1191.133789	9616.286133
1192.218750	9399.457031
1193.303711	9412.962891
1194.388672	9373.464844
1195.473633	9564.475586
1196.557617	9333.617188
1197.641602	9340.201172
1198.725586	9489.804688
1199.808594	9519.497070
1200.892578	9604.585938
1201.975586	9465.818359
1203.058594	9548.623047
1204.140625	9525.242188
1205.223633	9508.780273
1206.305664	9418.386719
1207.387695	9524.358398
1208.468750	9586.462891
1209.550781	9553.818359
1210.631836	9636.764648
1211.712891	9645.743164
1212.793945	9647.786133
1213.874023	9568.856445
1214.955078	9540.801758
1216.035156	9665.494141
1217.114258	9574.943359
1218.194336	9669.594727
1219.273438	9662.381836
1220.353516	9678.331055
1221.431641	9451.002930
1222.510742	9661.583008
1223.588867	9670.587891
1224.667969	9589.177734
1225.746094	9584.257813
1226.823242	9549.183594
1227.901367	9502.494141
1228.978516	9694.791016
1230.055664	9627.224609
1231.132813	9680.344727
1232.208984	9659.185547
1233.286133	9847.034180
1234.362305	9626.131836
1235.438477	9700.208008
1236.513672	9676.711914
1237.588867	9625.313477
1238.665039	9676.188477
1239.739258	9722.434570
1240.814453	9726.834961
1241.889648	9798.702148
1242.963867	9700.738281
1244.038086	9742.375000
1245.111328	9725.833008
1246.185547	9623.135742
1247.258789	9818.488281
1248.332031	9783.318359
1249.405273	9852.977539
1250.478516	9908.684570
1251.550781	9822.233398
1252.623047	9719.425781
1253.695313	9749.491211
1254.766602	9714.263672
1255.838867	9704.681641
1256.910156	9685.763672
1257.981445	9771.861328
1259.051758	9717.934570
1260.123047	9722.356445
1261.193359	9563.305664
1262.263672	9740.551758
1263.333984	9812.737305
1264.403320	9770.448242
1265.472656	9873.057617
1266.541992	9863.495117
1267.611328	9802.483398
1268.680664	9774.190430
1269.749023	10059.364258
1270.817383	9876.682617
1271.885742	9946.686523
1272.954102	9955.857422
1274.021484	9929.911133
1275.088867	9779.833008
1276.156250	9852.220703
1277.223633	9999.613281
1278.290039	9875.232422
1279.356445	9900.810547
1280.422852	9856.067383
1281.489258	9888.688477
1282.554688	9656.287109
1283.620117	9946.937500
1284.685547	9918.592773
1285.750977	9878.501953
1286.816406	9836.046875
1287.880859	9805.313477
1288.945313	9859.115234
1290.009766	9927.034180
1291.073242	9774.126953
1292.137695	9947.811523
1293.201172	9926.475586
1294.264648	9834.598633
1295.327148	9890.833008
1296.390625	9968.260742
1297.453125	9751.645508
1298.515625	9749.072266
1299.577148	9741.791992
1300.639648	9920.488281
1301.701172	9965.046875
1302.762695	9929.547852
1303.824219	10068.358398
1304.884766	10077.637695
1305.945313	9995.008789
1307.005859	9945.345703
1308.066406	9997.046875
1309.126953	10140.746094
1310.186523	10249.126953
1311.246094	10128.699219
1312.305664	10048.337891
1313.364258	10074.159180
1314.423828	9996.112305
1315.482422	10173.067383
1316.541016	10000.532227
1317.598633	10168.119141
1318.657227	10056.946289
1319.714844	10011.904297
1320.772461	10049.584961
1321.829102	10122.752930
1322.886719	10113.174805
1323.943359	10018.431641
1325.000000	10157.896484
1326.056641	10025.256836
1327.112305	10152.951172
1328.167969	10174.156250
1329.223633	10121.955078
1330.279297	10008.143555
1331.333984	10114.629883
1332.389648	10235.382813
1333.444336	10126.265625
1334.498047	10071.630859
1335.552734	10052.543945
1336.606445	10208.976563
1337.660156	10009.605469
1338.713867	10080.670898
1339.766602	10175.506836
1340.820313	10013.982422
1341.873047	10187.210938
1342.925781	10094.499023
1343.977539	10198.931641
1345.030273	10030.143555
1346.082031	9970.612305
1347.132813	10027.544922
1348.184570	10025.058594
1349.235352	10048.734375
1350.287109	9894.001953
1351.336914	10022.358398
1352.387695	10088.894531
1353.437500	9995.964844
1354.488281	9850.610352
1355.537109	9833.798828
1356.586914	9816.982422
1357.635742	9919.295898
1358.685547	10014.506836
1359.734375	9971.502930
1360.782227	9916.557617
1361.831055	9945.061523
1362.878906	9964.038086
1363.926758	9873.268555
1364.973633	9865.988281
1366.021484	9911.221680
1367.068359	10009.006836
1368.115234	9832.195313
1369.162109	9834.460938
1370.208008	9748.324219
1371.253906	9922.643555
1372.299805	9795.854492
1373.345703	9757.473633
1374.390625	9783.647461
1375.436523	9817.010742
1376.481445	9821.680664
1377.525391	9711.481445
1378.570313	9708.951172
1379.614258	9771.066406
1380.658203	9730.235352
1381.702148	9787.596680
1382.745117	9672.479492
1383.788086	9578.877930
1384.831055	9789.663086
1385.874023	9724.820313
1386.916016	9695.922852
1387.958984	9837.325195
1389.000977	9650.087891
1390.041992	9753.151367
1391.083984	9738.642578
1392.125000	9692.916016
1393.166016	9858.509766
1394.207031	9692.685547
1395.247070	9620.492188
1396.287109	9514.620117
1397.327148	9658.701172
1398.367188	9639.350586
1399.406250	9785.938477
1400.446289	9737.746094
1401.485352	9819.465820
1402.523438	9636.486328
1403.562500	9624.340820
1404.600586	9768.701172
1405.638672	9722.867188
1406.676758	9826.371094
1407.713867	9744.388672
1408.750977	9833.491211
1409.788086	9657.456055
1410.825195	9664.599609
1411.861328	9531.858398
1412.897461	9731.978516
1413.933594	9727.085938
1414.969727	9676.333984
1416.004883	9565.204102
1417.040039	9666.527344
1418.075195	9632.637695
1419.110352	9618.063477
1420.144531	9721.895508
1421.178711	9455.954102
1422.212891	9489.687500
1423.247070	9641.938477
1424.280273	9668.481445
1425.313477	9774.883789
1426.346680	9680.470703
1427.378906	9581.172852
1428.412109	9748.171875
1429.444336	9748.143555
1430.475586	9585.811523
1431.507813	9503.363281
1432.539063	9619.620117
1433.570313	9624.418945
1434.601563	9578.299805
1435.631836	9592.797852
1436.662109	9663.105469
1437.692383	9563.582031
1438.722656	9553.822266
1439.751953	9578.049805
1440.782227	9677.576172
1441.810547	9531.814453
1442.839844	9616.805664
1443.868164	9558.452148
1444.897461	9580.292969
1445.924805	9589.990234
1446.953125	9624.016602
1447.980469	9456.142578
1449.007813	9541.258789
1450.035156	9434.134766
1451.062500	9361.043945
1452.088867	9516.829102
1453.115234	9297.577148
1454.141602	9348.663086
1455.166992	9302.294922
1456.192383	9416.792969
1457.217773	9406.999023
1458.243164	9377.690430
1459.267578	9292.259766
1460.291992	9299.515625
1461.316406	9153.007813
1462.340820	9143.146484
1463.364258	9252.944336
1464.387695	9250.437500
1465.411133	9167.303711
1466.433594	9311.415039
1467.456055	9203.813477
1468.478516	9233.090820
1469.500977	9340.652344
1470.522461	9247.662109
1471.543945	9171.755859
1472.565430	9127.634766
1473.586914	9049.214844
1474.607422	9176.475586
1475.627930	9156.826172
1476.648438	8990.150391
1477.668945	8950.839844
1478.688477	9019.380859
1479.708008	8945.732422
1480.726563	9102.618164
1481.746094	9095.203125
1482.764648	9046.066406
1483.783203	9021.455078
1484.800781	8901.070313
1485.819336	8918.166992
1486.836914	8918.079102
1487.853516	8782.834961
1488.871094	8920.369141
1489.887695	8927.666992
1490.904297	8767.732422
1491.920898	8708.578125
1492.936523	8701.070313
1493.952148	8572.953125
1494.967773	8730.366211
1495.982422	8853.389648
1496.998047	8742.463867
1498.012695	8599.448242
1499.026367	8537.693359
1500.041016	8318.125000
1501.054688	8431.354492
