346.043945	3325.807129
347.313477	3520.747803
348.582031	3556.847168
349.851563	3669.784180
351.120117	3690.165283
352.389648	3730.260742
353.657227	3799.936279
354.925781	3940.605225
356.194336	3888.105713
357.461914	3926.301025
358.729492	4055.242188
359.996094	4138.859375
361.263672	4141.610840
362.530273	4051.609619
363.796875	4224.101563
365.062500	4220.952148
366.329102	4312.584473
367.594727	4431.903320
368.860352	4432.746094
370.125977	4556.087402
371.390625	4661.691895
372.655273	4630.958984
373.919922	4665.453125
375.184570	4765.211426
376.449219	4815.568848
377.712891	4830.342285
378.976563	4787.749023
380.240234	4842.101563
381.502930	5124.081055
382.765625	5061.729004
384.028320	5082.511230
385.291016	5150.831543
386.552734	5211.256348
387.815430	5218.216797
389.077148	5237.070801
390.337891	5269.806152
391.599609	5340.219238
392.860352	5301.615234
394.121094	5409.742676
395.381836	5515.931152
396.641602	5616.210938
397.901367	5555.810547
399.161133	5642.249023
400.420898	5647.337891
401.679688	5658.386719
402.938477	5669.441406
404.197266	5738.101074
405.456055	5731.299805
406.713867	5869.546875
407.971680	5968.103027
409.229492	5979.237793
410.487305	5920.792480
411.744141	6063.171387
413.000977	6042.513184
414.257813	6091.476074
415.514648	6184.235352
416.770508	6300.916016
418.026367	6308.163086
419.282227	6391.072266
420.537109	6390.377930
421.792969	6463.381348
423.047852	6542.392578
424.301758	6444.095215
425.556641	6543.067871
426.810547	6596.233887
428.064453	6577.645020
429.318359	6702.635254
430.571289	6672.095703
431.824219	6729.327637
433.077148	6890.348633
434.330078	6885.779785
435.582031	6979.028809
436.833984	6990.452637
438.085938	7101.738770
439.337891	7133.170898
440.588867	7212.568359
441.839844	7174.097656
443.090820	7207.567383
444.341797	7371.000000
445.591797	7418.525391
446.841797	7408.071289
448.091797	7535.644531
449.340820	7437.175781
450.589844	7394.702637
451.838867	7480.321777
453.087891	7624.039551
454.335938	7627.642090
455.583984	7573.161621
456.832031	7658.895508
458.080078	7522.246094
459.327148	7618.029297
460.574219	7649.706055
461.821289	7827.767090
463.067383	7741.180664
464.313477	7762.877930
465.559570	7756.497070
466.805664	7848.446289
468.051758	7874.198730
469.296875	7922.046875
470.541992	7857.466797
471.786133	7923.410645
473.031250	7900.992676
474.275391	7975.014160
475.518555	8000.833984
476.762695	8006.564941
478.005859	8175.158691
479.249023	8088.423340
480.492188	8150.501465
481.734375	8172.369629
482.976563	8186.198730
484.218750	8264.443359
485.460938	8387.013672
486.702148	8139.128906
487.943359	8193.249023
489.184570	8231.277344
490.425781	8396.265625
491.666016	8388.002930
492.906250	8551.082031
494.145508	8482.364258
495.385742	8512.435547
496.625000	8502.178711
497.864258	8540.339844
499.102539	8703.635742
500.341797	8715.619141
501.580078	8691.270508
502.817383	8662.873047
504.055664	8810.182617
505.292969	8909.074219
506.530273	8759.470703
507.767578	8773.509766
509.003906	8957.364258
510.240234	8914.840820
511.476563	8924.881836
512.712891	8997.636719
513.948242	8942.958008
515.183594	8888.254883
516.418945	9035.947266
517.653320	9110.819336
518.887695	9157.375000
520.122070	9094.573242
521.356445	9114.809570
522.589844	9088.448242
523.823242	9258.680664
525.056641	9208.013672
526.289063	9256.685547
527.521484	9187.743164
528.753906	9238.461914
529.986328	9406.891602
531.217773	9480.008789
532.449219	9443.539063
533.680664	9455.784180
534.912109	9417.263672
536.142578	9380.757813
537.373047	9545.384766
538.603516	9393.055664
539.833008	9407.339844
541.062500	9433.831055
542.291992	9317.981445
543.521484	9393.283203
544.750000	9541.862305
545.978516	9454.451172
547.207031	9399.569336
548.434570	9358.914063
549.662109	9501.511719
550.889648	9475.120117
552.117188	9483.350586
553.343750	9520.113281
554.570313	9499.825195
555.796875	9414.292969
557.022461	9377.660156
558.248047	9418.513672
559.473633	9508.345703
560.699219	9520.681641
561.923828	9451.388672
563.148438	9394.312500
564.373047	9410.716797
565.597656	9437.340820
566.821289	9455.805664
568.044922	9613.216797
569.268555	9545.898438
570.491211	9519.431641
571.713867	9554.290039
572.936523	9558.490234
574.158203	9652.693359
575.380859	9663.056641
576.602539	9440.131836
577.823242	9565.078125
579.044922	9475.109375
580.265625	9569.402344
581.486328	9546.988281
582.706055	9559.391602
583.925781	9547.211914
585.145508	9721.544922
586.365234	9621.241211
587.584961	9807.975586
588.803711	9691.237305
590.022461	9648.302734
591.240234	9738.726563
592.458008	9576.741211
593.675781	9730.832031
594.893555	9874.725586
596.111328	9827.676758
597.328125	9951.116211
598.544922	9752.009766
599.760742	9616.525391
600.977539	9881.845703
602.193359	9845.027344
603.408203	9857.552734
604.624023	9744.598633
605.838867	9921.713867
607.053711	9837.537109
608.267578	9720.384766
609.482422	9807.020508
610.696289	9893.695313
611.910156	9815.615234
613.123047	9937.359375
614.335938	9951.993164
615.548828	9929.529297
616.761719	9890.561523
617.973633	10030.995117
619.185547	9915.709961
620.397461	9748.791016
621.608398	9907.862305
622.820313	9887.421875
624.030273	9854.584961
625.241211	9914.663086
626.451172	9799.193359
627.662109	9855.155273
628.871094	9789.215820
630.081055	9768.720703
631.290039	9770.958008
632.499023	9781.468750
633.708008	9872.653320
634.916016	9856.296875
636.124023	9730.253906
637.332031	9734.555664
638.539063	9809.250000
639.747070	9811.500000
640.954102	9724.686523
642.160156	9880.228516
643.367188	9807.895508
644.573242	9772.837891
645.778320	9617.519531
646.984375	9657.054688
648.189453	9549.342773
649.394531	9640.745117
650.599609	9773.691406
651.803711	9753.105469
653.007813	9873.681641
654.211914	9589.390625
655.416016	9639.366211
656.619141	9651.969727
657.822266	9614.708008
659.025391	9658.488281
660.227539	9490.238281
661.429688	9571.438477
662.631836	9590.279297
663.833984	9613.289063
665.035156	9469.842773
666.236328	9628.120117
667.437500	9497.101563
668.637695	9715.842773
669.837891	9516.053711
671.038086	9634.904297
672.238281	9522.518555
673.437500	9695.614258
674.636719	9570.682617
675.835938	9675.058594
677.034180	9691.885742
678.232422	9731.666992
679.430664	9696.350586
680.628906	9715.280273
681.826172	9715.430664
683.023438	9607.002930
684.220703	9684.402344
685.416992	9642.764648
686.614258	9661.702148
687.810547	9617.949219
689.005859	9530.276367
690.202148	9501.108398
691.397461	9708.253906
692.591797	9758.604492
693.787109	9702.266602
694.981445	9754.730469
696.175781	9780.004883
697.370117	9669.192383
698.563477	9660.949219
699.756836	9663.174805
700.950195	9602.543945
702.142578	9743.075195
703.335938	9701.299805
704.528320	9565.152344
705.719727	9663.827148
706.912109	9584.245117
708.103516	9521.410156
709.294922	9552.984375
710.485352	9532.095703
711.676758	9502.797852
712.867188	9637.291992
714.056641	9513.477539
715.247070	9482.052734
716.436523	9631.344727
717.625977	9625.154297
718.814453	9612.654297
720.003906	9507.615234
721.192383	9503.494141
722.379883	9516.203125
723.568359	9623.616211
724.755859	9518.480469
725.943359	9537.515625
727.130859	9554.453125
728.317383	9590.354492
729.503906	9546.210938
730.690430	9695.922852
731.875977	9769.820313
733.062500	9635.028320
734.248047	9630.918945
735.432617	9633.134766
736.618164	9561.508789
737.802734	9589.031250
738.987305	9681.999023
740.170898	9652.557617
741.354492	9555.526367
742.538086	9602.080078
743.721680	9462.738281
744.905273	9494.498047
746.087891	9371.974609
747.270508	9433.324219
748.452148	9505.275391
749.634766	9630.136719
750.816406	9752.938477
751.997070	9376.398438
753.178711	9482.264648
754.359375	9571.242188
755.540039	9651.789063
756.720703	9641.297852
757.900391	9613.851563
759.080078	9544.011719
760.259766	9584.353516
761.439453	9554.752930
762.618164	9512.415039
763.796875	9501.872070
764.975586	9597.394531
766.153320	9548.668945
767.331055	9623.020508
768.508789	9739.863281
769.686523	9635.926758
770.863281	9650.878906
772.040039	9534.125977
773.216797	9517.186523
774.393555	9678.766602
775.569336	9627.837891
776.745117	9691.705078
777.920898	9653.514648
779.095703	9615.305664
780.270508	9660.061523
781.445313	9751.659180
782.620117	9634.680664
783.793945	9613.462891
784.967773	9698.719727
786.141602	9594.426758
787.314453	9517.785156
788.487305	9779.963867
789.660156	9662.825195
790.833008	9716.204102
792.004883	9688.566406
793.176758	9509.462891
794.348633	9616.181641
795.520508	9588.499023
796.691406	9605.628906
797.862305	9637.711914
799.033203	9750.958984
800.203125	9778.815430
801.374023	9796.000977
802.543945	9731.986328
803.712891	9644.428711
804.882813	9593.176758
806.051758	9657.377930
807.220703	9792.193359
808.388672	9601.872070
809.556641	9745.293945
810.724609	9578.417969
811.892578	9432.874023
813.060547	9578.494141
814.227539	9634.219727
815.394531	9544.288086
816.560547	9533.599609
817.727539	9548.626953
818.893555	9748.029297
820.059570	9683.769531
821.224609	9552.990234
822.390625	9698.893555
823.555664	9771.905273
824.720703	9714.027344
825.884766	9703.350586
827.048828	9746.348633
828.212891	9591.773438
829.376953	9673.432617
830.540039	9660.583008
831.703125	9621.937500
832.866211	9738.049805
834.029297	9495.135742
835.191406	9533.845703
836.353516	9563.967773
837.515625	9660.803711
838.677734	9714.638672
839.838867	9557.542969
841.000000	9581.234375
842.161133	9564.017578
843.321289	9604.951172
844.481445	9604.966797
845.641602	9583.429688
846.801758	9648.102539
847.960938	9652.436523
849.120117	9503.659180
850.279297	9557.570313
851.438477	9484.213867
852.596680	9482.036133
853.754883	9570.509766
854.913086	9497.103516
856.070313	9637.444336
857.228516	9538.099609
858.385742	9546.726563
859.541992	9544.553711
860.699219	9512.118164
861.855469	9624.511719
863.011719	9607.213867
864.166992	9561.791016
865.323242	9676.430664
866.478516	9559.595703
867.633789	9585.548828
868.788086	9494.616211
869.943359	9542.216797
871.097656	9511.871094
872.251953	9713.295898
873.405273	9500.969727
874.558594	9557.279297
875.711914	9533.408203
876.865234	9503.020508
878.018555	9515.992188
879.170898	9476.908203
880.323242	9485.537109
881.474609	9446.427734
882.626953	9361.716797
883.778320	9528.810547
884.929688	9587.400391
886.080078	9548.273438
887.231445	9574.302734
888.381836	9448.233398
889.532227	9448.167969
890.681641	9511.147461
891.832031	9591.549805
892.981445	9674.161133
894.129883	9643.685547
895.279297	9408.660156
896.427734	9486.929688
897.576172	9624.008789
898.724609	9454.138672
899.872070	9660.960938
901.019531	9667.466797
902.166992	9490.953125
903.314453	9567.159180
904.461914	9527.869141
905.608398	9667.343750
906.754883	9652.043945
907.900391	9675.999023
909.046875	9673.783203
910.192383	9743.578125
911.337891	9608.229492
912.482422	9610.359375
913.627930	9581.917969
914.772461	9730.378906
915.916016	9662.625977
917.060547	9758.725586
918.204102	9566.367188
919.347656	9516.017578
920.491211	9596.838867
921.634766	9736.745117
922.777344	9627.333008
923.919922	9559.444336
925.062500	9686.299805
926.204102	9708.139648
927.345703	9690.578125
928.487305	9627.017578
929.628906	9692.664063
930.770508	9600.591797
931.911133	9609.282227
933.051758	9714.418945
934.191406	9723.135742
935.332031	9600.285156
936.471680	9604.591797
937.611328	9665.938477
938.750977	9578.098633
939.889648	9722.865234
941.028320	9626.216797
942.166992	9790.817383
943.305664	9806.145508
944.443359	9740.201172
945.581055	9735.748047
946.718750	9696.128906
947.856445	9676.274414
948.993164	9630.027344
950.129883	9603.549805
951.266602	9559.462891
952.403320	9572.558594
953.539063	9587.858398
954.674805	9554.741211
955.810547	9662.505859
956.945313	9605.166016
958.081055	9567.622070
959.215820	9615.976563
960.350586	9483.667969
961.484375	9648.831055
962.618164	9642.121094
963.752930	9507.523438
964.885742	9507.393555
966.019531	9577.849609
967.152344	9701.288086
968.285156	9573.201172
969.417969	9473.751953
970.550781	9597.245117
971.682617	9420.466797
972.814453	9433.562500
973.946289	9362.710938
975.077148	9479.654297
976.208008	9477.295898
977.338867	9627.472656
978.469727	9512.375000
979.600586	9529.923828
980.730469	9618.267578
981.860352	9480.962891
982.990234	9491.874023
984.119141	9449.664063
985.249023	9469.426758
986.377930	9564.490234
987.505859	9528.910156
988.634766	9480.019531
989.762695	9470.995117
990.890625	9426.501953
992.018555	9597.029297
993.145508	9459.411133
994.273438	9532.430664
995.400391	9445.758789
996.526367	9536.555664
997.653320	9538.618164
998.779297	9434.129883
999.905273	9473.914063
1001.031250	9564.791016
1002.156250	9333.626953
1003.282227	9593.361328
1004.407227	9544.321289
1005.531250	9684.186523
1006.656250	9610.688477
1007.780273	9632.774414
1008.904297	9423.560547
1010.028320	9725.911133
1011.152344	9654.579102
1012.275391	9451.908203
1013.398438	9600.861328
1014.521484	9611.833984
1015.643555	9531.503906
1016.765625	9582.558594
1017.888672	9691.561523
1019.009766	9671.360352
1020.131836	9524.102539
1021.252930	9546.213867
1022.374023	9744.492188
1023.495117	9746.584961
1024.616211	9639.368164
1025.736328	9719.532227
1026.856445	9567.625000
1027.976563	9732.631836
1029.095703	9828.494141
1030.215820	9649.710938
1031.334961	9893.018555
1032.454102	9707.467773
1033.572266	9812.340820
1034.691406	9680.334961
1035.809570	9698.056641
1036.927734	9753.798828
1038.044922	9798.380859
1039.162109	9614.802734
1040.280273	9717.546875
1041.396484	9554.012695
1042.513672	9822.433594
1043.630859	9710.346680
1044.747070	9799.758789
1045.863281	9665.217773
1046.978516	9689.685547
1048.094727	9770.184570
1049.209961	9913.474609
1050.325195	9675.714844
1051.439453	9637.416992
1052.554688	9646.201172
1053.668945	9659.474609
1054.783203	9903.856445
1055.897461	9755.605469
1057.010742	9728.502930
1058.124023	9708.123047
1059.237305	9725.910156
1060.350586	9651.613281
1061.463867	9655.914063
1062.576172	9675.945313
1063.688477	9785.887695
1064.800781	9596.885742
1065.912109	9724.843750
1067.023438	9560.486328
1068.135742	9753.723633
1069.246094	9598.299805
1070.357422	9512.573242
1071.467773	9582.121094
1072.578125	9442.319336
1073.688477	9631.228516
1074.798828	9635.526367
1075.908203	9560.975586
1077.017578	9493.152344
1078.126953	9542.496094
1079.236328	9673.012695
1080.344727	9546.544922
1081.453125	9663.584961
1082.561523	9530.292969
1083.669922	9640.609375
1084.777344	9554.642578
1085.884766	9482.182617
1086.992188	9588.041016
1088.099609	9590.072266
1089.207031	9614.689453
1090.313477	9637.056641
1091.419922	9532.899414
1092.525391	9478.416992
1093.631836	9638.656250
1094.737305	9798.962891
1095.842773	9669.873047
1096.948242	9524.894531
1098.053711	9646.816406
1099.158203	9574.181641
1100.262695	9696.163086
1101.367188	9634.826172
1102.470703	9630.070313
1103.575195	9607.192383
1104.678711	9727.016602
1105.782227	9658.833984
1106.884766	9722.062500
1107.988281	9640.248047
1109.090820	9744.307617
1110.193359	9755.435547
1111.295898	9596.458984
1112.397461	9618.902344
1113.499023	9589.166016
1114.600586	9784.103516
1115.702148	9659.045898
1116.802734	9749.634766
1117.904297	9699.458984
1119.004883	9703.777344
1120.104492	9721.727539
1121.205078	9632.880859
1122.304688	9728.102539
1123.404297	9561.922852
1124.503906	9666.264648
1125.603516	9743.356445
1126.702148	9686.265625
1127.800781	9774.769531
1128.899414	9838.277344
1129.998047	9690.117188
1131.095703	9842.425781
1132.193359	9678.261719
1133.291016	9703.079102
1134.388672	9670.951172
1135.485352	9716.284180
1136.583008	9611.210938
1137.679688	9795.607422
1138.775391	9795.391602
1139.872070	9808.858398
1140.967773	9694.590820
1142.063477	9758.235352
1143.159180	9698.675781
1144.254883	9796.584961
1145.349609	9748.422852
1146.444336	9668.271484
1147.539063	9802.778320
1148.632813	9686.051758
1149.727539	9621.829102
1150.821289	9815.831055
1151.915039	9708.175781
1153.008789	9490.729492
1154.101563	9545.326172
1155.194336	9677.714844
1156.287109	9640.860352
1157.379883	9617.720703
1158.471680	9583.125977
1159.564453	9754.549805
1160.656250	9598.612305
1161.748047	9541.088867
1162.838867	9506.447266
1163.929688	9574.895508
1165.021484	9702.955078
1166.111328	9704.999023
1167.202148	9624.508789
1168.291992	9553.157227
1169.382813	9610.216797
1170.471680	9525.066406
1171.561523	9511.012695
1172.651367	9524.492188
1173.740234	9588.479492
1174.829102	9512.435547
1175.916992	9643.045898
1177.005859	9622.108398
1178.093750	9617.245117
1179.181641	9545.738281
1180.269531	9662.673828
1181.357422	9623.331055
1182.444336	9544.880859
1183.531250	9723.987305
1184.618164	9654.726563
1185.704102	9633.754883
1186.791016	9619.677734
1187.876953	9550.350586
1188.962891	9559.273438
1190.048828	9632.678711
1191.133789	9722.238281
1192.218750	9708.164063
1193.303711	9647.999023
1194.388672	9576.284180
1195.473633	9631.328125
1196.557617	9603.387695
1197.641602	9646.928711
1198.725586	9695.102539
1199.808594	9627.935547
1200.892578	9623.047852
1201.975586	9641.239258
1203.058594	9707.920898
1204.140625	9696.119141
1205.223633	9762.840820
1206.305664	9852.690430
1207.387695	9813.184570
1208.468750	9653.484375
1209.550781	9593.115234
1210.631836	9650.636719
1211.712891	9761.372070
1212.793945	9749.561523
1213.874023	9770.135742
1214.955078	9813.859375
1216.035156	9977.957031
1217.114258	9764.775391
1218.194336	9755.268555
1219.273438	9831.450195
1220.353516	9852.068359
1221.431641	9854.159180
1222.510742	9698.662109
1223.588867	9814.302734
1224.667969	9807.113281
1225.746094	9830.067383
1226.823242	9690.669922
1227.901367	9790.166992
1228.978516	10049.817383
1230.055664	9968.401367
1231.132813	9828.916016
1232.208984	9947.103516
1233.286133	9970.122070
1234.362305	9949.016602
1235.438477	9897.697266
1236.513672	9902.129883
1237.588867	10036.731445
1238.665039	9906.352539
1239.739258	9882.885742
1240.814453	10047.805664
1241.889648	9952.242188
1242.963867	9872.926758
1244.038086	10028.641602
1245.111328	10133.209961
1246.185547	10119.077148
1247.258789	9890.683594
1248.332031	9953.362305
1249.405273	9934.522461
1250.478516	9959.952148
1251.550781	9924.791016
1252.623047	9926.916992
1253.695313	9940.703125
1254.766602	9968.490234
1255.838867	9926.303711
1256.910156	10003.100586
1257.981445	9895.555664
1259.051758	9974.713867
1260.123047	9969.851563
1261.193359	9899.597656
1262.263672	10002.167969
1263.333984	10114.128906
1264.403320	10062.556641
1265.472656	10008.625977
1266.541992	9989.740234
1267.611328	9931.094727
1268.680664	9996.384766
1269.749023	10117.848633
1270.817383	10080.253906
1271.885742	10089.450195
1272.954102	10164.197266
1274.021484	10044.639648
1275.088867	10133.461914
1276.156250	10147.365234
1277.223633	10175.333008
1278.290039	10151.757813
1279.356445	10081.293945
1280.422852	10165.534180
1281.489258	10010.625977
1282.554688	10132.416016
1283.620117	10050.160156
1284.685547	10153.241211
1285.750977	10108.506836
1286.816406	10171.739258
1287.880859	10082.378906
1288.945313	10037.602539
1290.009766	10105.561523
1291.073242	10105.413086
1292.137695	10077.065430
1293.201172	10128.625000
1294.264648	10236.634766
1295.327148	10271.791992
1296.390625	10182.303711
1297.453125	10161.002930
1298.515625	10083.218750
1299.577148	10092.486328
1300.639648	10207.697266
1301.701172	10174.614258
1302.762695	10235.724609
1303.824219	10094.271484
1304.884766	10127.119141
1305.945313	10086.921875
1307.005859	10103.283203
1308.066406	10272.908203
1309.126953	10256.302734
1310.186523	10286.868164
1311.246094	10265.541992
1312.305664	10317.363281
1313.364258	10286.594727
1314.423828	10180.263672
1315.482422	10260.440430
1316.541016	10198.936523
1317.598633	10163.394531
1318.657227	10274.342773
1319.714844	10092.264648
1320.772461	10226.889648
1321.829102	10307.189453
1322.886719	10529.432617
1323.943359	10564.891602
1325.000000	10337.724609
1326.056641	10399.192383
1327.112305	10306.819336
1328.167969	10259.394531
1329.223633	10275.892578
1330.279297	10434.526367
1331.333984	10448.704102
1332.389648	10360.985352
1333.444336	10403.599609
1334.498047	10325.318359
1335.552734	10337.117188
1336.606445	10339.435547
1337.660156	10194.660156
1338.713867	10199.323242
1339.766602	10220.604492
1340.820313	10355.853516
1341.873047	10206.208008
1342.925781	10348.643555
1343.977539	10263.076172
1345.030273	10182.223633
1346.082031	10179.769531
1347.132813	10369.879883
1348.184570	10277.111328
1349.235352	10424.521484
1350.287109	10293.663086
1351.336914	10322.172852
1352.387695	10453.037109
1353.437500	10198.312500
1354.488281	10195.869141
1355.537109	10129.123047
1356.586914	10086.168945
1357.635742	10250.495117
1358.685547	10243.300781
1359.734375	10333.842773
1360.782227	10159.762695
1361.831055	10321.876953
1362.878906	10052.299805
1363.926758	9973.480469
1364.973633	10116.575195
1366.021484	10114.125000
1367.068359	10157.041016
1368.115234	10207.142578
1369.162109	10278.767578
1370.208008	9879.735352
1371.253906	9975.219727
1372.299805	10094.654297
1373.345703	10032.432617
1374.390625	10080.193359
1375.436523	10032.295898
1376.481445	10182.964844
1377.525391	10010.627930
1378.570313	10046.466797
1379.614258	9957.820313
1380.658203	9981.693359
1381.702148	10039.114258
1382.745117	9950.410156
1383.788086	9892.821289
1384.831055	9875.958008
1385.874023	10043.706055
1386.916016	10000.494141
1387.958984	9962.060547
1389.000977	10043.577148
1390.041992	9949.942383
1391.083984	9957.083984
1392.125000	9820.169922
1393.166016	9925.753906
1394.207031	9959.325195
1395.247070	9891.999023
1396.287109	9829.450195
1397.327148	9858.220703
1398.367188	9987.993164
1399.406250	9918.212891
1400.446289	9896.513672
1401.485352	9814.653320
1402.523438	9821.803711
1403.562500	9874.698242
1404.600586	9877.055664
1405.638672	9862.555664
1406.676758	10076.908203
1407.713867	9780.532227
1408.750977	9756.366211
1409.788086	9939.513672
1410.825195	9736.939453
1411.861328	9876.760742
1412.897461	9828.477539
1413.933594	9657.107422
1414.969727	9698.057617
1416.004883	9823.527344
1417.040039	9862.126953
1418.075195	9859.686523
1419.110352	9668.798828
1420.144531	9721.895508
1421.178711	9666.248047
1422.212891	9857.186523
1423.247070	9774.947266
1424.280273	9811.198242
1425.313477	9912.796875
1426.346680	9990.246094
1427.378906	9859.554688
1428.412109	9808.704102
1429.444336	9929.786133
1430.475586	9883.778320
1431.507813	9859.558594
1432.539063	9786.854492
1433.570313	9864.423828
1434.601563	9835.337891
1435.631836	9845.048828
1436.662109	9709.201172
1437.692383	9866.918945
1438.722656	9728.586914
1439.751953	9716.440430
1440.782227	9796.572266
1441.810547	9835.453125
1442.839844	9762.587891
1443.868164	9692.120117
1444.897461	9825.817383
1445.924805	9599.716797
1446.953125	9687.251953
1447.980469	9806.460938
1449.007813	9643.459961
1450.035156	9621.551758
1451.062500	9684.845703
1452.088867	9821.230469
1453.115234	9623.978516
1454.141602	9818.898438
1455.166992	9604.491211
1456.192383	9680.063477
1457.217773	9584.995117
1458.243164	9553.292969
1459.267578	9531.336914
1460.291992	9497.169922
1461.316406	9397.087891
1462.340820	9502.037109
1463.364258	9465.403320
1464.387695	9421.425781
1465.411133	9482.490234
1466.433594	9450.719727
1467.456055	9509.384766
1468.478516	9313.782227
1469.500977	9279.506836
1470.522461	9328.395508
1471.543945	9394.443359
1472.565430	9409.125000
1473.586914	9298.950195
1474.607422	9279.333984
1475.627930	9333.201172
1476.648438	9306.239258
1477.668945	9298.874023
1478.688477	9313.571289
1479.708008	9183.598633
1480.726563	9318.470703
1481.746094	9382.264648
1482.764648	9350.382813
1483.783203	9347.945313
1484.800781	9188.359375
1485.819336	9004.131836
1486.836914	9124.447266
1487.853516	9121.959961
1488.871094	9183.383789
1489.887695	9016.181641
1490.904297	8979.240234
1491.920898	8969.343750
1492.936523	9104.625977
1493.952148	8873.240234
1494.967773	8895.323242
1495.982422	8885.405273
1496.998047	8981.409180
1498.012695	8914.843750
1499.026367	8784.162109
1500.041016	8752.028320
1501.054688	8675.491211
