346.043945	2878.821777
347.313477	3038.318848
348.582031	3088.115479
349.851563	3258.090820
351.120117	3256.723633
352.389648	3271.121338
353.657227	3368.304443
354.925781	3384.701904
356.194336	3391.248535
357.461914	3429.350830
358.729492	3477.330566
359.996094	3620.022217
361.263672	3630.568604
362.530273	3682.563721
363.796875	3708.919189
365.062500	3703.697998
366.329102	3799.181641
367.594727	3857.177734
368.860352	3966.557129
370.125977	3989.045898
371.390625	4005.616455
372.655273	4065.677490
373.919922	4196.930664
375.184570	4249.145020
376.449219	4194.587891
377.712891	4227.043945
378.976563	4291.168457
380.240234	4365.212891
381.502930	4284.911621
382.765625	4406.495117
384.028320	4336.073242
385.291016	4489.401855
386.552734	4545.736816
387.815430	4639.735840
389.077148	4569.309570
390.337891	4625.696777
391.599609	4650.391113
392.860352	4732.593750
394.121094	4844.575195
395.381836	4905.033203
396.641602	4927.823730
397.901367	5002.213867
399.161133	5015.111816
400.420898	4986.331543
401.679688	5054.825684
402.938477	5117.390625
404.197266	5201.830078
405.456055	5262.465332
406.713867	5225.764160
407.971680	5363.939453
409.229492	5337.185547
410.487305	5378.020020
411.744141	5418.872559
413.000977	5505.489258
414.257813	5506.598633
415.514648	5495.771484
416.770508	5666.047852
418.026367	5643.307617
419.282227	5829.613281
420.537109	5689.407715
421.792969	5732.391602
423.047852	5791.332031
424.301758	5858.268555
425.556641	5883.379883
426.810547	5996.213867
428.064453	6045.292480
429.318359	6182.139160
430.571289	6141.519531
431.824219	6096.894531
433.077148	6269.758301
434.330078	6127.346191
435.582031	6176.520020
436.833984	6251.673340
438.085938	6474.645020
439.337891	6396.083496
440.588867	6543.258301
441.839844	6520.635254
443.090820	6607.936523
444.341797	6513.349121
445.591797	6708.666504
446.841797	6714.064453
448.091797	6719.466309
449.340820	6808.907227
450.589844	6730.280273
451.838867	6925.853516
453.087891	6853.227051
454.335938	6894.715332
455.583984	6804.027832
456.832031	6901.620605
458.080078	7033.319824
459.327148	7034.802246
460.574219	7038.291016
461.821289	6993.660645
463.067383	6971.073730
464.313477	7072.844238
465.559570	7190.710449
466.805664	7198.255371
468.051758	7135.553711
469.296875	7149.115234
470.541992	7226.941895
471.786133	7232.497559
473.031250	7179.798828
474.275391	7334.039063
475.518555	7377.810059
476.762695	7319.081543
478.005859	7262.339844
479.249023	7364.447266
480.492188	7345.911133
481.734375	7361.570801
482.976563	7510.052246
484.218750	7557.960449
485.460938	7662.260254
486.702148	7504.832520
487.943359	7532.633301
489.184570	7477.852051
490.425781	7479.466309
491.666016	7626.189941
492.906250	7688.313965
494.145508	7758.530762
495.385742	7782.395020
496.625000	7790.134277
497.864258	7699.017090
499.102539	7730.958984
500.341797	7787.137695
501.580078	7867.567871
502.817383	7804.662598
504.055664	7852.817871
505.292969	7896.954590
506.530273	7973.441895
507.767578	7977.204102
509.003906	7855.635254
510.240234	8039.330566
511.476563	8152.322754
512.712891	8087.354492
513.948242	8028.428711
515.183594	8285.181641
516.418945	8133.162598
517.653320	8185.565430
518.887695	8126.612793
520.122070	8235.753906
521.356445	8342.916992
522.589844	8213.039063
523.823242	8376.998047
525.056641	8283.563477
526.289063	8451.667969
527.521484	8419.055664
528.753906	8402.659180
529.986328	8305.092773
531.217773	8522.063477
532.449219	8552.371094
533.680664	8450.713867
534.912109	8420.093750
536.142578	8582.438477
537.373047	8531.518555
538.603516	8441.962891
539.833008	8504.821289
541.062500	8415.220703
542.291992	8476.069336
543.521484	8591.864258
544.750000	8420.845703
545.978516	8502.086914
547.207031	8359.469727
548.434570	8436.663086
549.662109	8340.803711
550.889648	8458.764648
552.117188	8464.730469
553.343750	8303.609375
554.570313	8480.749023
555.796875	8655.930664
557.022461	8527.370117
558.248047	8480.333984
559.473633	8441.436523
560.699219	8416.805664
561.923828	8437.063477
563.148438	8492.034180
564.373047	8348.974609
565.597656	8440.711914
566.821289	8510.021484
568.044922	8471.073242
569.268555	8391.234375
570.491211	8536.212891
571.713867	8487.023438
572.936523	8470.531250
574.158203	8525.625977
575.380859	8621.664063
576.602539	8390.319336
577.823242	8469.996094
579.044922	8445.294922
580.265625	8541.403320
581.486328	8551.528320
582.706055	8594.438477
583.925781	8661.958008
585.145508	8520.443359
586.365234	8633.081055
587.584961	8653.492188
588.803711	8524.187500
590.022461	8470.729492
591.240234	8503.431641
592.458008	8661.347656
593.675781	8546.297852
594.893555	8798.751953
596.111328	8698.058594
597.328125	8613.754883
598.544922	8724.617188
599.760742	8679.331055
600.977539	8703.918945
602.193359	8615.427734
603.408203	8734.618164
604.624023	8598.780273
605.838867	8662.466797
607.053711	8672.673828
608.267578	8717.879883
609.482422	8744.576172
610.696289	8614.764648
611.910156	8620.849609
613.123047	8713.475586
614.335938	8672.186523
615.548828	8678.289063
616.761719	8705.013672
617.973633	8690.503906
619.185547	8785.314453
620.397461	8729.552734
621.608398	8715.039063
622.820313	8710.839844
624.030273	8669.474609
625.241211	8673.523438
626.451172	8530.916992
627.662109	8681.626953
628.871094	8683.615234
630.081055	8679.402344
631.290039	8662.783203
632.499023	8648.224609
633.708008	8600.564453
634.916016	8571.501953
636.124023	8631.410156
637.332031	8552.665039
638.539063	8641.581055
639.747070	8653.916992
640.954102	8577.194336
642.160156	8529.440430
643.367188	8576.987305
644.573242	8556.156250
645.778320	8531.168945
646.984375	8491.655273
648.189453	8483.235352
649.394531	8586.839844
650.599609	8545.235352
651.803711	8360.397461
653.007813	8497.262695
654.211914	8584.352539
655.416016	8544.786133
656.619141	8382.629883
657.822266	8397.025391
659.025391	8448.838867
660.227539	8475.728516
661.429688	8500.551758
662.631836	8479.628906
663.833984	8383.802734
665.035156	8412.783203
666.236328	8460.507813
667.437500	8447.881836
668.637695	8343.630859
669.837891	8445.523438
671.038086	8391.220703
672.238281	8541.095703
673.437500	8345.064453
674.636719	8440.795898
675.835938	8448.995117
677.034180	8498.910156
678.232422	8634.377930
679.430664	8344.245117
680.628906	8559.046875
681.826172	8485.867188
683.023438	8418.916992
684.220703	8433.387695
685.416992	8608.715820
686.614258	8518.762695
687.810547	8501.916016
689.005859	8533.140625
690.202148	8480.743164
691.397461	8608.180664
692.591797	8539.040039
693.787109	8622.609375
694.981445	8607.853516
696.175781	8649.610352
697.370117	8544.819336
698.563477	8498.619141
699.756836	8506.862305
700.950195	8525.583984
702.142578	8504.495117
703.335938	8548.379883
704.528320	8585.993164
705.719727	8493.597656
706.912109	8543.801758
708.103516	8587.733398
709.294922	8562.429688
710.485352	8480.437500
711.676758	8589.470703
712.867188	8419.242188
714.056641	8580.825195
715.247070	8481.951172
716.436523	8385.132813
717.625977	8483.756836
718.814453	8513.043945
720.003906	8485.562500
721.192383	8336.066406
722.379883	8359.025391
723.568359	8474.590820
724.755859	8482.856445
725.943359	8434.280273
727.130859	8297.232422
728.317383	8391.823242
729.503906	8528.594727
730.690430	8399.901367
731.875977	8357.570313
733.062500	8483.884766
734.248047	8483.728516
735.432617	8348.576172
736.618164	8487.632813
737.802734	8462.151367
738.987305	8411.329102
740.170898	8214.807617
741.354492	8379.299805
742.538086	8288.289063
743.721680	8309.208984
744.905273	8336.477539
746.087891	8122.800293
747.270508	8348.766602
748.452148	8437.385742
749.634766	8496.432617
750.816406	8367.217773
751.997070	8377.603516
753.178711	8258.883789
754.359375	8377.218750
755.540039	8341.026367
756.720703	8372.593750
757.900391	8463.494141
759.080078	8459.080078
760.259766	8420.750977
761.439453	8308.204102
762.618164	8473.386719
763.796875	8466.846680
764.975586	8403.023438
766.153320	8506.803711
767.331055	8476.917969
768.508789	8497.967773
769.686523	8463.817383
770.863281	8365.935547
772.040039	8412.463867
773.216797	8374.019531
774.393555	8505.583008
775.569336	8511.782227
776.745117	8498.846680
777.920898	8507.172852
779.095703	8451.683594
780.270508	8430.212891
781.445313	8481.091797
782.620117	8423.426758
783.793945	8502.005859
784.967773	8486.912109
786.141602	8363.170898
787.314453	8431.133789
788.487305	8428.797852
789.660156	8490.411133
790.833008	8390.006836
792.004883	8428.178711
793.176758	8400.239258
794.348633	8312.544922
795.520508	8346.454102
796.691406	8521.260742
797.862305	8489.042969
799.033203	8343.625977
800.203125	8454.467773
801.374023	8456.395508
802.543945	8398.486328
803.712891	8477.350586
804.882813	8594.733398
806.051758	8348.627930
807.220703	8500.256836
808.388672	8384.522461
809.556641	8362.891602
810.724609	8471.816406
811.892578	8379.543945
813.060547	8383.590820
814.227539	8385.498047
815.394531	8470.957031
816.560547	8380.739258
817.727539	8361.209961
818.893555	8339.527344
820.059570	8384.308594
821.224609	8568.521484
822.390625	8443.893555
823.555664	8587.432617
824.720703	8473.482422
825.884766	8370.212891
827.048828	8400.025391
828.212891	8479.248047
829.376953	8410.279297
830.540039	8450.861328
831.703125	8426.986328
832.866211	8519.180664
834.029297	8439.403320
835.191406	8316.576172
836.353516	8352.875977
837.515625	8344.007813
838.677734	8296.396484
839.838867	8309.035156
841.000000	8440.098633
842.161133	8304.177734
843.321289	8385.753906
844.481445	8385.493164
845.641602	8339.975586
846.801758	8257.792969
847.960938	8427.825195
849.120117	8492.264648
850.279297	8476.923828
851.438477	8383.907227
852.596680	8448.376953
853.754883	8277.606445
854.913086	8326.966797
856.070313	8248.944336
857.228516	8356.635742
858.385742	8375.799805
859.541992	8336.627930
860.699219	8427.119141
861.855469	8515.487305
863.011719	8428.746094
864.166992	8322.500000
865.323242	8343.838867
866.478516	8490.686523
867.633789	8473.114258
868.788086	8319.154297
869.943359	8407.630859
871.097656	8383.527344
872.251953	8290.094727
873.405273	8194.451172
874.558594	8256.968750
875.711914	8193.789063
876.865234	8173.942383
878.018555	8195.290039
879.170898	8411.868164
880.323242	8216.315430
881.474609	8246.364258
882.626953	8219.991211
883.778320	8389.000000
884.929688	8201.950195
886.080078	8336.276367
887.231445	8418.521484
888.381836	8368.249023
889.532227	8294.043945
890.681641	8254.588867
891.832031	8304.268555
892.981445	8353.968750
894.129883	8223.128906
895.279297	8296.766602
896.427734	8372.612305
897.576172	8280.871094
898.724609	8236.989258
899.872070	8378.205078
901.019531	8460.666992
902.166992	8408.078125
903.314453	8401.229492
904.461914	8403.096680
905.608398	8278.507813
906.754883	8369.756836
907.900391	8232.015625
909.046875	8231.661133
910.192383	8331.686523
911.337891	8252.775391
912.482422	8335.382813
913.627930	8363.433594
914.772461	8376.207031
915.916016	8369.324219
917.060547	8410.509766
918.204102	8416.742188
919.347656	8116.925293
920.491211	8418.280273
921.634766	8369.838867
922.777344	8343.250977
923.919922	8513.572266
925.062500	8445.420898
926.204102	8460.419922
927.345703	8385.656250
928.487305	8415.975586
929.628906	8341.166992
930.770508	8437.215820
931.911133	8395.248047
933.051758	8535.186523
934.191406	8499.796875
935.332031	8402.990234
936.471680	8376.327148
937.611328	8373.782227
938.750977	8432.676758
939.889648	8362.103516
941.028320	8377.113281
942.166992	8453.609375
943.305664	8440.093750
944.443359	8415.586914
945.581055	8511.913086
946.718750	8386.316406
947.856445	8403.543945
948.993164	8324.037109
950.129883	8314.866211
951.266602	8299.092773
952.403320	8393.314453
953.539063	8263.119141
954.674805	8346.367188
955.810547	8249.125000
956.945313	8217.899414
958.081055	8276.961914
959.215820	8393.326172
960.350586	8335.667969
961.484375	8352.916992
962.618164	8253.338867
963.752930	8230.886719
964.885742	8223.862305
966.019531	8234.480469
967.152344	8234.070313
968.285156	8302.071289
969.417969	8348.027344
970.550781	8120.236328
971.682617	8186.045410
972.814453	8276.177734
973.946289	8205.075195
975.077148	8332.814453
976.208008	8310.315430
977.338867	8316.544922
978.469727	8227.695313
979.600586	8269.293945
980.730469	8260.030273
981.860352	8233.060547
982.990234	8175.095215
984.119141	8241.063477
985.249023	8225.138672
986.377930	8116.197754
987.505859	8144.538086
988.634766	8161.812012
989.762695	8276.594727
990.890625	8258.440430
992.018555	8220.324219
993.145508	8299.712891
994.273438	8192.833984
995.400391	8101.435547
996.526367	8329.509766
997.653320	8098.282715
998.779297	8335.332031
999.905273	8277.185547
1001.031250	8132.404297
1002.156250	8227.452148
1003.282227	8218.120117
1004.407227	8155.450684
1005.531250	8275.011719
1006.656250	8254.565430
1007.780273	8271.911133
1008.904297	8235.884766
1010.028320	8335.541992
1011.152344	8357.363281
1012.275391	8334.682617
1013.398438	8169.524902
1014.521484	8209.133789
1015.643555	8199.765625
1016.765625	8435.414063
1017.888672	8501.838867
1019.009766	8338.762695
1020.131836	8287.061523
1021.252930	8409.229492
1022.374023	8607.263672
1023.495117	8392.768555
1024.616211	8363.339844
1025.736328	8418.685547
1026.856445	8427.187500
1027.976563	8417.833984
1029.095703	8328.097656
1030.215820	8443.776367
1031.334961	8456.754883
1032.454102	8337.921875
1033.572266	8563.172852
1034.691406	8493.482422
1035.809570	8497.537109
1036.927734	8425.564453
1038.044922	8275.281250
1039.162109	8409.037109
1040.280273	8278.822266
1041.396484	8238.070313
1042.513672	8362.947266
1043.630859	8246.070313
1044.747070	8388.916016
1045.863281	8513.903320
1046.978516	8356.653320
1048.094727	8414.458984
1049.209961	8445.392578
1050.325195	8397.875000
1051.439453	8471.419922
1052.554688	8313.989258
1053.668945	8392.032227
1054.783203	8485.814453
1055.897461	8337.260742
1057.010742	8406.377930
1058.124023	8309.380859
1059.237305	8484.066406
1060.350586	8344.366211
1061.463867	8325.922852
1062.576172	8404.095703
1063.688477	8421.617188
1064.800781	8286.278320
1065.912109	8276.797852
1067.023438	8283.055664
1068.135742	8395.041016
1069.246094	8221.329102
1070.357422	8324.344727
1071.467773	8328.364258
1072.578125	8244.581055
1073.688477	8237.324219
1074.798828	8308.895508
1075.908203	8326.428711
1077.017578	8278.624023
1078.126953	8458.428711
1079.236328	8225.780273
1080.344727	8159.883301
1081.453125	8369.092773
1082.561523	8382.146484
1083.669922	8431.302734
1084.777344	8234.504883
1085.884766	8346.848633
1086.992188	8398.284180
1088.099609	8348.126953
1089.207031	8343.120117
1090.313477	8250.006836
1091.419922	8387.324219
1092.525391	8269.320313
1093.631836	8395.396484
1094.737305	8232.124023
1095.842773	8342.414063
1096.948242	8249.178711
1098.053711	8278.072266
1099.158203	8381.651367
1100.262695	8256.676758
1101.367188	8283.324219
1102.470703	8264.697266
1103.575195	8375.153320
1104.678711	8404.106445
1105.782227	8353.769531
1106.884766	8369.131836
1107.988281	8271.165039
1109.090820	8277.447266
1110.193359	8220.236328
1111.295898	8299.087891
1112.397461	8312.183594
1113.499023	8524.963867
1114.600586	8159.093262
1115.702148	8340.149414
1116.802734	8373.696289
1117.904297	8429.967773
1119.004883	8406.759766
1120.104492	8367.638672
1121.205078	8460.300781
1122.304688	8491.633789
1123.404297	8429.769531
1124.503906	8349.687500
1125.603516	8417.405273
1126.702148	8360.034180
1127.800781	8436.881836
1128.899414	8372.663086
1129.998047	8467.755859
1131.095703	8264.631836
1132.193359	8325.582031
1133.291016	8263.561523
1134.388672	8345.040039
1135.485352	8483.519531
1136.583008	8328.044922
1137.679688	8359.435547
1138.775391	8573.248047
1139.872070	8383.484375
1140.967773	8487.899414
1142.063477	8368.764648
1143.159180	8397.912109
1144.254883	8285.555664
1145.349609	8376.337891
1146.444336	8318.732422
1147.539063	8254.250000
1148.632813	8292.540039
1149.727539	8310.281250
1150.821289	8350.883789
1151.915039	8245.206055
1153.008789	8347.542969
1154.101563	8349.301758
1155.194336	8241.268555
1156.287109	8165.218750
1157.379883	8544.507813
1158.471680	8315.141602
1159.564453	8310.025391
1160.656250	8412.524414
1161.748047	8258.561523
1162.838867	8196.161133
1163.929688	8287.245117
1165.021484	8373.783203
1166.111328	8203.635742
1167.202148	8255.801758
1168.291992	8255.249023
1169.382813	8380.842773
1170.471680	8247.257813
1171.561523	8255.879883
1172.651367	8333.356445
1173.740234	8252.473633
1174.829102	8164.668457
1175.916992	8189.354980
1177.005859	8280.664063
1178.093750	8220.377930
1179.181641	8270.369141
1180.269531	8256.023438
1181.357422	8232.476563
1182.444336	8261.806641
1183.531250	8194.551758
1184.618164	8214.683594
1185.704102	8308.452148
1186.791016	8418.369141
1187.876953	8256.714844
1188.962891	8226.224609
1190.048828	8310.862305
1191.133789	8317.223633
1192.218750	8256.777344
1193.303711	8329.954102
1194.388672	8260.265625
1195.473633	8185.937012
1196.557617	8187.666504
1197.641602	8327.769531
1198.725586	8357.209961
1199.808594	8328.983398
1200.892578	8291.513672
1201.975586	8378.668945
1203.058594	8417.378906
1204.140625	8423.778320
1205.223633	8298.530273
1206.305664	8332.626953
1207.387695	8482.270508
1208.468750	8447.087891
1209.550781	8277.818359
1210.631836	8385.926758
1211.712891	8429.329102
1212.793945	8482.002930
1213.874023	8382.003906
1214.955078	8314.358398
1216.035156	8299.919922
1217.114258	8303.994141
1218.194336	8456.263672
1219.273438	8499.746094
1220.353516	8388.041016
1221.431641	8327.262695
1222.510742	8393.919922
1223.588867	8286.757813
1224.667969	8390.530273
1225.746094	8408.545898
1226.823242	8438.166016
1227.901367	8388.920898
1228.978516	8471.919922
1230.055664	8422.661133
1231.132813	8366.416992
1232.208984	8519.123047
1233.286133	8565.062500
1234.362305	8441.449219
1235.438477	8433.953125
1236.513672	8651.873047
1237.588867	8532.848633
1238.665039	8441.671875
1239.739258	8396.964844
1240.814453	8605.759766
1241.889648	8398.222656
1242.963867	8409.323242
1244.038086	8453.011719
1245.111328	8401.276367
1246.185547	8444.982422
1247.258789	8472.405273
1248.332031	8299.515625
1249.405273	8513.308594
1250.478516	8545.424805
1251.550781	8470.335938
1252.623047	8525.771484
1253.695313	8494.952148
1254.766602	8422.137695
1255.838867	8512.592773
1256.910156	8675.419922
1257.981445	8565.256836
1259.051758	8455.046875
1260.123047	8575.940430
1261.193359	8563.771484
1262.263672	8472.177734
1263.333984	8518.390625
1264.403320	8457.127930
1265.472656	8524.394531
1266.541992	8502.851563
1267.611328	8612.249023
1268.680664	8604.749023
1269.749023	8625.320313
1270.817383	8547.625000
1271.885742	8692.233398
1272.954102	8630.906250
1274.021484	8710.037109
1275.088867	8651.030273
1276.156250	8568.574219
1277.223633	8696.946289
1278.290039	8661.333984
1279.356445	8543.667969
1280.422852	8566.620117
1281.489258	8554.407227
1282.554688	8525.771484
1283.620117	8705.916016
1284.685547	8618.639648
1285.750977	8585.307617
1286.816406	8481.536133
1287.880859	8612.521484
1288.945313	8628.487305
1290.009766	8583.384766
1291.073242	8587.604492
1292.137695	8622.376953
1293.201172	8527.883789
1294.264648	8572.064453
1295.327148	8642.132813
1296.390625	8667.541992
1297.453125	8643.557617
1298.515625	8788.990234
1299.577148	8652.047852
1300.639648	8625.692383
1301.701172	8688.804688
1302.762695	8709.551758
1303.824219	8593.675781
1304.884766	8703.950195
1305.945313	8788.348633
1307.005859	8714.847656
1308.066406	8745.057617
1309.126953	8751.699219
1310.186523	8831.468750
1311.246094	8906.554688
1312.305664	8750.407227
1313.364258	8598.913086
1314.423828	8544.150391
1315.482422	8718.422852
1316.541016	8684.921875
1317.598633	8743.542969
1318.657227	8653.322266
1319.714844	8648.148438
1320.772461	8690.255859
1321.829102	8685.089844
1322.886719	8795.813477
1323.943359	8707.874023
1325.000000	8745.302734
1326.056641	8794.583008
1327.112305	8808.377930
1328.167969	8798.501953
1329.223633	8831.251953
1330.279297	8755.052734
1331.333984	8851.781250
1332.389648	8863.240234
1333.444336	8718.258789
1334.498047	8786.596680
1335.552734	8627.307617
1336.606445	8764.444336
1337.660156	8830.469727
1338.713867	8822.959961
1339.766602	8822.570313
1340.820313	8829.302734
1341.873047	8786.172852
1342.925781	8733.523438
1343.977539	8740.244141
1345.030273	8597.265625
1346.082031	8903.436523
1347.132813	8769.941406
1348.184570	8676.811523
1349.235352	8685.912109
1350.287109	8659.333008
1351.336914	8875.450195
1352.387695	8727.524414
1353.437500	8772.357422
1354.488281	8769.590820
1355.537109	8676.321289
1356.586914	8611.596680
1357.635742	8601.647461
1358.685547	8644.125977
1359.734375	8603.192383
1360.782227	8643.308594
1361.831055	8692.985352
1362.878906	8625.798828
1363.926758	8615.846680
1364.973633	8567.706055
1366.021484	8674.706055
1367.068359	8559.706055
1368.115234	8583.169922
1369.162109	8702.196289
1370.208008	8603.852539
1371.253906	8507.854492
1372.299805	8493.086914
1373.345703	8554.825195
1374.390625	8499.409180
1375.436523	8527.691406
1376.481445	8613.410156
1377.525391	8380.878906
1378.570313	8519.269531
1379.614258	8401.537109
1380.658203	8487.312500
1381.702148	8438.988281
1382.745117	8378.662109
1383.788086	8490.859375
1384.831055	8425.726563
1385.874023	8478.048828
1386.916016	8518.406250
1387.958984	8414.858398
1389.000977	8493.612305
1390.041992	8222.021484
1391.083984	8341.578125
1392.125000	8360.350586
1393.166016	8345.510742
1394.207031	8455.577148
1395.247070	8330.231445
1396.287109	8452.366211
1397.327148	8363.021484
1398.367188	8343.364258
1399.406250	8350.154297
1400.446289	8385.816406
1401.485352	8342.094727
1402.523438	8344.081055
1403.562500	8334.033203
1404.600586	8323.983398
1405.638672	8357.282227
1406.676758	8446.005859
1407.713867	8327.548828
1408.750977	8344.006836
1409.788086	8543.690430
1410.825195	8386.596680
1411.861328	8407.909180
1412.897461	8443.708984
1413.933594	8274.417969
1414.969727	8179.869629
1416.004883	8215.646484
1417.040039	8418.064453
1418.075195	8429.765625
1419.110352	8318.259766
1420.144531	8375.861328
1421.178711	8261.874023
1422.212891	8375.102539
1423.247070	8210.278320
1424.280273	8258.242188
1425.313477	8376.397461
1426.346680	8271.961914
1427.378906	8315.140625
1428.412109	8428.560547
1429.444336	8416.099609
1430.475586	8427.859375
1431.507813	8471.126953
1432.539063	8395.657227
1433.570313	8346.819336
1434.601563	8200.964844
1435.631836	8195.717773
1436.662109	8263.252930
1437.692383	8304.130859
1438.722656	8228.520508
1439.751953	8225.711914
1440.782227	8186.476563
1441.810547	8239.529297
1442.839844	8297.470703
1443.868164	8367.594727
1444.897461	8321.072266
1445.924805	8262.370117
1446.953125	8262.012695
1447.980469	8076.767090
1449.007813	8144.501953
1450.035156	8178.196777
1451.062500	8143.742676
1452.088867	8165.283203
1453.115234	7977.354980
1454.141602	8106.072754
1455.166992	8100.819336
1456.192383	8093.127930
1457.217773	8070.804688
1458.243164	8087.495605
1459.267578	8126.153320
1460.291992	7967.179199
1461.316406	8027.797852
1462.340820	7861.396973
1463.364258	7817.016113
1464.387695	7853.223633
1465.411133	7935.874512
1466.433594	7952.583984
1467.456055	7988.861328
1468.478516	8027.604980
1469.500977	7978.321289
1470.522461	7921.674805
1471.543945	7909.049316
1472.565430	7933.135742
1473.586914	7959.685547
1474.607422	7942.169922
1475.627930	7811.962891
1476.648438	7828.708496
1477.668945	7965.561035
1478.688477	7867.136230
1479.708008	7800.541504
1480.726563	7888.444824
1481.746094	7745.766113
1482.764648	7877.881836
1483.783203	7816.139160
1484.800781	7700.346191
1485.819336	7830.106445
1486.836914	7630.730957
1487.853516	7711.398438
1488.871094	7745.407715
1489.887695	7590.115234
1490.904297	7545.415039
1491.920898	7532.674316
1492.936523	7468.254395
1493.952148	7588.405273
1494.967773	7511.660645
1495.982422	7466.892578
1496.998047	7436.882813
1498.012695	7438.892090
1499.026367	7362.035156
1500.041016	7492.229004
1501.054688	7242.728027
