346.043945	4259.159668
347.313477	4481.667969
348.582031	4531.730469
349.851563	4623.179688
351.120117	4702.842773
352.389648	4788.448730
353.657227	4840.582520
354.925781	4904.565430
356.194336	5000.119629
357.461914	5097.683594
358.729492	5268.264648
359.996094	5296.871582
361.263672	5236.700684
362.530273	5318.601074
363.796875	5390.664551
365.062500	5494.345215
366.329102	5473.665039
367.594727	5591.229004
368.860352	5669.332031
370.125977	5786.981445
371.390625	5987.675293
372.655273	5957.195801
373.919922	6013.689941
375.184570	5890.275879
376.449219	6006.111816
377.712891	6112.103516
378.976563	6174.613281
380.240234	6296.512695
381.502930	6250.231445
382.765625	6455.337402
384.028320	6472.430664
385.291016	6428.142578
386.552734	6560.122070
387.815430	6541.591797
389.077148	6764.797363
390.337891	6700.720215
391.599609	6842.774902
392.860352	6998.766602
394.121094	6912.889648
395.381836	7027.308105
396.641602	6969.180176
397.901367	7030.084961
399.161133	6989.799805
400.420898	7022.946289
401.679688	7264.574219
402.938477	7262.047852
404.197266	7299.246094
405.456055	7264.943848
406.713867	7395.549316
407.971680	7488.448730
409.229492	7549.583008
410.487305	7690.270508
411.744141	7697.781738
413.000977	7625.738770
414.257813	7802.341309
415.514648	7815.854980
416.770508	7837.336426
418.026367	7992.197754
419.282227	8107.303711
420.537109	8089.035645
421.792969	8146.449707
423.047852	8279.592773
424.301758	8299.213867
425.556641	8400.557617
426.810547	8545.800781
428.064453	8425.925781
429.318359	8503.432617
430.571289	8541.080078
431.824219	8568.770508
433.077148	8807.993164
434.330078	8857.707031
435.582031	8773.693359
436.833984	9009.118164
438.085938	8991.008789
439.337891	9050.797852
440.588867	9058.666016
441.839844	9162.461914
443.090820	9352.249023
444.341797	9312.209961
445.591797	9418.127930
446.841797	9508.091797
448.091797	9536.081055
449.340820	9642.117188
450.589844	9676.154297
451.838867	9470.003906
453.087891	9720.250000
454.335938	9752.328125
455.583984	9606.157227
456.832031	9722.370117
458.080078	9686.344727
459.327148	9898.828125
460.574219	10017.185547
461.821289	9894.987305
463.067383	9953.233398
464.313477	9907.197266
465.559570	9971.493164
466.805664	10110.067383
468.051758	10110.206055
469.296875	10011.973633
470.541992	10104.464844
471.786133	10158.836914
473.031250	10251.402344
474.275391	10197.328125
475.518555	10111.077148
476.762695	10099.166992
478.005859	10356.675781
479.249023	10372.970703
480.492188	10509.962891
481.734375	10622.873047
482.976563	10528.562500
484.218750	10595.234375
485.460938	10625.698242
486.702148	10728.668945
487.943359	10656.459961
489.184570	10805.818359
490.425781	10882.704102
491.666016	10911.255859
492.906250	10796.699219
494.145508	10877.669922
495.385742	10896.160156
496.625000	10948.951172
497.864258	10969.485352
499.102539	10943.615234
500.341797	11115.542969
501.580078	11041.244141
502.817383	11102.208984
504.055664	11106.647461
505.292969	11123.210938
506.530273	11196.361328
507.767578	11168.490234
509.003906	11276.050781
510.240234	11185.506836
511.476563	11481.205078
512.712891	11544.405273
513.948242	11486.237305
515.183594	11715.416016
516.418945	11531.763672
517.653320	11789.400391
518.887695	11735.291016
520.122070	11826.996094
521.356445	11791.106445
522.589844	11880.840820
523.823242	11808.466797
525.056641	11932.709961
526.289063	11911.011719
527.521484	12019.109375
528.753906	11900.047852
529.986328	11953.408203
531.217773	12102.181641
532.449219	12037.873047
533.680664	12101.455078
534.912109	12067.583008
536.142578	12102.762695
537.373047	12081.068359
538.603516	12061.398438
539.833008	12102.701172
541.062500	11993.571289
542.291992	12008.442383
543.521484	12029.423828
544.750000	12099.244141
545.978516	12132.466797
547.207031	12204.377930
548.434570	12180.635742
549.662109	12079.503906
550.889648	11959.997070
552.117188	12007.491211
553.343750	12008.139648
554.570313	12078.086914
555.796875	11944.205078
557.022461	12142.632813
558.248047	12078.050781
559.473633	11968.561523
560.699219	12126.321289
561.923828	12078.021484
563.148438	12207.298828
564.373047	12001.778320
565.597656	12082.083984
566.821289	11943.853516
568.044922	12167.207031
569.268555	12239.430664
570.491211	12229.923828
571.713867	12093.650391
572.936523	12349.961914
574.158203	12195.245117
575.380859	12253.238281
576.602539	12016.574219
577.823242	12115.492188
579.044922	12091.615234
580.265625	12192.643555
581.486328	12232.270508
582.706055	12282.159180
583.925781	12327.972656
585.145508	12289.771484
586.365234	12481.166992
587.584961	12358.910156
588.803711	12246.852539
590.022461	12380.927734
591.240234	12328.333984
592.458008	12339.341797
593.675781	12469.424805
594.893555	12498.951172
596.111328	12532.598633
597.328125	12539.556641
598.544922	12484.874023
599.760742	12528.818359
600.977539	12576.894531
602.193359	12548.915039
603.408203	12537.375000
604.624023	12375.661133
605.838867	12526.626953
607.053711	12529.481445
608.267578	12596.152344
609.482422	12442.541016
610.696289	12560.709961
611.910156	12575.935547
613.123047	12650.919922
614.335938	12624.955078
615.548828	12555.691406
616.761719	12459.591797
617.973633	12621.235352
619.185547	12556.048828
620.397461	12606.373047
621.608398	12448.286133
622.820313	12513.058594
624.030273	12532.438477
625.241211	12419.659180
626.451172	12410.108398
627.662109	12319.976563
628.871094	12448.856445
630.081055	12400.032227
631.290039	12483.505859
632.499023	12488.433594
633.708008	12224.467773
634.916016	12485.883789
636.124023	12546.689453
637.332031	12450.212891
638.539063	12403.380859
639.747070	12451.784180
640.954102	12295.151367
642.160156	12530.010742
643.367188	12462.430664
644.573242	12251.802734
645.778320	12345.835938
646.984375	12441.985352
648.189453	12467.659180
649.394531	12370.941406
650.599609	12168.349609
651.803711	12110.954102
653.007813	12296.429688
654.211914	12174.664063
655.416016	12173.308594
656.619141	12147.022461
657.822266	12224.622070
659.025391	12206.649414
660.227539	12203.219727
661.429688	12364.060547
662.631836	12102.761719
663.833984	12022.332031
665.035156	12251.908203
666.236328	12102.792969
667.437500	12307.510742
668.637695	12077.129883
669.837891	12167.385742
671.038086	12191.018555
672.238281	12025.044922
673.437500	11938.194336
674.636719	12201.525391
675.835938	12296.081055
677.034180	12303.083984
678.232422	12243.334961
679.430664	12356.743164
680.628906	12386.721680
681.826172	12145.332031
683.023438	12478.037109
684.220703	12361.867188
685.416992	12450.363281
686.614258	12240.105469
687.810547	12222.026367
689.005859	12337.725586
690.202148	12131.476563
691.397461	12349.685547
692.591797	12216.558594
693.787109	12282.144531
694.981445	12146.846680
696.175781	12233.378906
697.370117	12261.323242
698.563477	12220.168945
699.756836	12250.216797
700.950195	12330.563477
702.142578	12268.436523
703.335938	12306.899414
704.528320	12276.187500
705.719727	12274.822266
706.912109	12141.301758
708.103516	12337.128906
709.294922	12111.220703
710.485352	12281.940430
711.676758	12339.359375
712.867188	12323.300781
714.056641	12221.111328
715.247070	12141.985352
716.436523	12029.198242
717.625977	11996.234375
718.814453	12171.402344
720.003906	12378.196289
721.192383	12023.456055
722.379883	12043.056641
723.568359	12176.305664
724.755859	12109.646484
725.943359	12139.804688
727.130859	12123.646484
728.317383	12174.883789
729.503906	12072.343750
730.690430	12199.456055
731.875977	12029.420898
733.062500	12065.922852
734.248047	12047.610352
735.432617	12157.957031
736.618164	12129.107422
737.802734	12066.479492
738.987305	12016.486328
740.170898	12088.920898
741.354492	12104.371094
742.538086	11969.861328
743.721680	12251.488281
744.905273	12102.156250
746.087891	12024.619141
747.270508	11997.785156
748.452148	12108.388672
749.634766	12045.602539
750.816406	12088.566406
751.997070	11930.520508
753.178711	11789.333984
754.359375	12039.738281
755.540039	12061.560547
756.720703	12185.057617
757.900391	12111.588867
759.080078	12144.035156
760.259766	12023.891602
761.439453	12035.130859
762.618164	12150.276367
763.796875	12146.701172
764.975586	12215.251953
766.153320	12167.126953
767.331055	11891.880859
768.508789	12045.333008
769.686523	12035.353516
770.863281	12065.721680
772.040039	12166.207031
773.216797	11897.014648
774.393555	12112.272461
775.569336	12074.656250
776.745117	12056.158203
777.920898	12188.652344
779.095703	12180.805664
780.270508	12443.180664
781.445313	12248.100586
782.620117	12127.435547
783.793945	12049.298828
784.967773	12132.983398
786.141602	12182.622070
787.314453	12089.525391
788.487305	12100.813477
789.660156	12159.001953
790.833008	11999.736328
792.004883	12028.068359
793.176758	12020.149414
794.348633	12150.910156
795.520508	12271.058594
796.691406	12103.092773
797.862305	12161.366211
799.033203	12112.886719
800.203125	12053.704102
801.374023	12340.610352
802.543945	12294.272461
803.712891	12145.311523
804.882813	12197.252930
806.051758	12020.398438
807.220703	11952.550781
808.388672	12062.245117
809.556641	12037.170898
810.724609	11952.153320
811.892578	11986.986328
813.060547	11927.612305
814.227539	11913.189453
815.394531	12080.861328
816.560547	11963.607422
817.727539	11996.333008
818.893555	12093.386719
820.059570	12038.237305
821.224609	11938.019531
822.390625	11951.457031
823.555664	12140.852539
824.720703	12175.801758
825.884766	12060.491211
827.048828	11951.570313
828.212891	11913.472656
829.376953	12184.701172
830.540039	11944.658203
831.703125	11889.335938
832.866211	11849.035156
834.029297	12004.379883
835.191406	11858.702148
836.353516	11973.245117
837.515625	11861.916992
838.677734	11834.470703
839.838867	12037.338867
841.000000	11962.547852
842.161133	12014.784180
843.321289	12095.043945
844.481445	12000.821289
845.641602	11917.330078
846.801758	12053.662109
847.960938	12034.822266
849.120117	12031.067383
850.279297	11708.077148
851.438477	12030.022461
852.596680	11970.153320
853.754883	12089.406250
854.913086	12035.997070
856.070313	11868.114258
857.228516	11980.941406
858.385742	11851.854492
859.541992	11796.177734
860.699219	11958.771484
861.855469	12047.933594
863.011719	12048.479492
864.166992	11897.627930
865.323242	11809.442383
866.478516	11967.886719
867.633789	11888.332031
868.788086	11810.904297
869.943359	11791.902344
871.097656	11768.558594
872.251953	11803.690430
873.405273	11886.504883
874.558594	11782.976563
875.711914	11870.155273
876.865234	12037.593750
878.018555	11892.821289
879.170898	11808.717773
880.323242	11761.458984
881.474609	11811.832031
882.626953	11829.666992
883.778320	11732.442383
884.929688	11765.465820
886.080078	11881.040039
887.231445	11959.731445
888.381836	11897.211914
889.532227	11902.040039
890.681641	11974.262695
891.832031	11944.316406
892.981445	11940.455078
894.129883	11858.274414
895.279297	11834.805664
896.427734	11822.207031
897.576172	11866.200195
898.724609	11857.955078
899.872070	11823.570313
901.019531	11869.766602
902.166992	12046.711914
903.314453	11781.335938
904.461914	11947.438477
905.608398	11858.520508
906.754883	11954.926758
907.900391	11970.667969
909.046875	12032.231445
910.192383	11858.141602
911.337891	12044.118164
912.482422	11791.356445
913.627930	11900.969727
914.772461	11894.870117
915.916016	12032.951172
917.060547	12079.318359
918.204102	11786.935547
919.347656	12071.548828
920.491211	11883.987305
921.634766	11954.414063
922.777344	12149.559570
923.919922	11891.870117
925.062500	12069.576172
926.204102	12063.486328
927.345703	11873.475586
928.487305	11878.286133
929.628906	12016.712891
930.770508	11988.690430
931.911133	11870.805664
933.051758	12015.894531
934.191406	12033.887695
935.332031	12130.830078
936.471680	12026.027344
937.611328	11932.146484
938.750977	11967.686523
939.889648	12093.225586
941.028320	11937.825195
942.166992	12048.041016
943.305664	11971.623047
944.443359	12154.382813
945.581055	12170.234375
946.718750	12036.649414
947.856445	12105.235352
948.993164	12099.095703
950.129883	11851.048828
951.266602	11926.233398
952.403320	11816.642578
953.539063	12039.287109
954.674805	11872.442383
955.810547	11839.816406
956.945313	11573.762695
958.081055	11704.038086
959.215820	11726.424805
960.350586	11768.650391
961.484375	11965.167969
962.618164	11824.495117
963.752930	11776.364258
964.885742	11792.166992
966.019531	11880.769531
967.152344	11724.503906
968.285156	11678.510742
969.417969	11822.324219
970.550781	11763.083008
971.682617	11800.978516
972.814453	11830.053711
973.946289	11918.789063
975.077148	11802.058594
976.208008	11828.938477
977.338867	11625.918945
978.469727	11564.324219
979.600586	11726.075195
980.730469	11702.078125
981.860352	11830.737305
982.990234	11735.931641
984.119141	11727.411133
985.249023	11893.794922
986.377930	11929.592773
987.505859	11892.310547
988.634766	11786.330078
989.762695	11884.170898
990.890625	11724.945313
992.018555	11729.702148
993.145508	11610.285156
994.273438	11770.267578
995.400391	11761.722656
996.526367	11717.671875
997.653320	12039.787109
998.779297	11642.827148
999.905273	11818.524414
1001.031250	11758.896484
1002.156250	11823.630859
1003.282227	11888.391602
1004.407227	12015.401367
1005.531250	11909.083008
1006.656250	11947.221680
1007.780273	11787.473633
1008.904297	11758.876953
1010.028320	11667.978516
1011.152344	11955.301758
1012.275391	11826.569336
1013.398438	11893.670898
1014.521484	12000.876953
1015.643555	11914.379883
1016.765625	11943.672852
1017.888672	11776.917969
1019.009766	11924.297852
1020.131836	11862.222656
1021.252930	12009.681641
1022.374023	12108.145508
1023.495117	12023.762695
1024.616211	12048.652344
1025.736328	12115.945313
1026.856445	11893.135742
1027.976563	12069.803711
1029.095703	12112.581055
1030.215820	11918.655273
1031.334961	12200.420898
1032.454102	12162.820313
1033.572266	12002.296875
1034.691406	12143.445313
1035.809570	11958.253906
1036.927734	12128.520508
1038.044922	12034.943359
1039.162109	12008.436523
1040.280273	12011.004883
1041.396484	11984.478516
1042.513672	11785.578125
1043.630859	12003.036133
1044.747070	12231.783203
1045.863281	12003.685547
1046.978516	12098.104492
1048.094727	11959.512695
1049.209961	12116.717773
1050.325195	12119.303711
1051.439453	12133.100586
1052.554688	12081.861328
1053.668945	12012.653320
1054.783203	12192.468750
1055.897461	12071.635742
1057.010742	12143.792969
1058.124023	11991.462891
1059.237305	12059.140625
1060.350586	11956.140625
1061.463867	11967.671875
1062.576172	11846.629883
1063.688477	11909.833984
1064.800781	11966.320313
1065.912109	11926.143555
1067.023438	11978.157227
1068.135742	11868.230469
1069.246094	11852.752930
1070.357422	11787.758789
1071.467773	11801.517578
1072.578125	11822.035156
1073.688477	11865.079102
1074.798828	12079.319336
1075.908203	11919.679688
1077.017578	11922.209961
1078.126953	11791.766602
1079.236328	11746.928711
1080.344727	11647.957031
1081.453125	11749.656250
1082.561523	11763.425781
1083.669922	11892.265625
1084.777344	11806.776367
1085.884766	11795.735352
1086.992188	11886.281250
1088.099609	11805.250000
1089.207031	11660.944336
1090.313477	11853.172852
1091.419922	11796.934570
1092.525391	11840.112305
1093.631836	11957.902344
1094.737305	11860.950195
1095.842773	11687.068359
1096.948242	11832.041016
1098.053711	11945.400391
1099.158203	11927.561523
1100.262695	11773.912109
1101.367188	11826.206055
1102.470703	11957.770508
1103.575195	11892.354492
1104.678711	11935.642578
1105.782227	12094.500977
1106.884766	12051.731445
1107.988281	11981.743164
1109.090820	12020.548828
1110.193359	11803.125000
1111.295898	11796.544922
1112.397461	11930.615234
1113.499023	12030.704102
1114.600586	11869.834961
1115.702148	12047.133789
1116.802734	11929.338867
1117.904297	11845.557617
1119.004883	11834.428711
1120.104492	12034.585938
1121.205078	11962.133789
1122.304688	12001.024414
1123.404297	12017.196289
1124.503906	11976.526367
1125.603516	11944.936523
1126.702148	11917.882813
1127.800781	11765.673828
1128.899414	11845.531250
1129.998047	12007.368164
1131.095703	11980.301758
1132.193359	12048.867188
1133.291016	11850.966797
1134.388672	11851.186523
1135.485352	12074.715820
1136.583008	11972.419922
1137.679688	11968.103516
1138.775391	11804.176758
1139.872070	11989.112305
1140.967773	11914.081055
1142.063477	11950.815430
1143.159180	11978.435547
1144.254883	11942.156250
1145.349609	11967.501953
1146.444336	11876.400391
1147.539063	11967.976563
1148.632813	11874.551758
1149.727539	12025.573242
1150.821289	11998.396484
1151.915039	11941.490234
1153.008789	11946.291992
1154.101563	12017.414063
1155.194336	11944.463867
1156.287109	11933.252930
1157.379883	12057.046875
1158.471680	11890.216797
1159.564453	12046.102539
1160.656250	11975.368164
1161.748047	11959.569336
1162.838867	11966.670898
1163.929688	11909.621094
1165.021484	11916.713867
1166.111328	11827.538086
1167.202148	11699.349609
1168.291992	11823.350586
1169.382813	11724.923828
1170.471680	11867.333984
1171.561523	11901.958984
1172.651367	11929.712891
1173.740234	11962.070313
1174.829102	11790.093750
1175.916992	11866.067383
1177.005859	11900.726563
1178.093750	11767.684570
1179.181641	11816.125977
1180.269531	11894.466797
1181.357422	11899.273438
1182.444336	11805.208008
1183.531250	11929.592773
1184.618164	11941.311523
1185.704102	11987.547852
1186.791016	11748.434570
1187.876953	11829.176758
1188.962891	11873.115234
1190.048828	11698.304688
1191.133789	11910.375000
1192.218750	11765.447266
1193.303711	11848.581055
1194.388672	11775.026367
1195.473633	11828.229492
1196.557617	11946.015625
1197.641602	11867.821289
1198.725586	11957.984375
1199.808594	12043.571289
1200.892578	11826.886719
1201.975586	11972.494141
1203.058594	11905.766602
1204.140625	12097.634766
1205.223633	12054.000977
1206.305664	11908.704102
1207.387695	11994.406250
1208.468750	12068.588867
1209.550781	11990.238281
1210.631836	12168.496094
1211.712891	12060.069336
1212.793945	12078.815430
1213.874023	12048.985352
1214.955078	12074.679688
1216.035156	11975.399414
1217.114258	11876.078125
1218.194336	12253.709961
1219.273438	12096.504883
1220.353516	12078.223633
1221.431641	12052.982422
1222.510742	12057.859375
1223.588867	12095.189453
1224.667969	11923.873047
1225.746094	12132.793945
1226.823242	12251.344727
1227.901367	12130.992188
1228.978516	11917.770508
1230.055664	12071.166016
1231.132813	12196.769531
1232.208984	12206.331055
1233.286133	12262.344727
1234.362305	12065.185547
1235.438477	12081.696289
1236.513672	12281.801758
1237.588867	12242.581055
1238.665039	12108.022461
1239.739258	12312.913086
1240.814453	12071.322266
1241.889648	12225.113281
1242.963867	12230.049805
1244.038086	12146.549805
1245.111328	12060.685547
1246.185547	12154.069336
1247.258789	12172.969727
1248.332031	12222.160156
1249.405273	12313.309570
1250.478516	12185.445313
1251.550781	12299.935547
1252.623047	12241.954102
1253.695313	12307.537109
1254.766602	12202.887695
1255.838867	12331.478516
1256.910156	12334.124023
1257.981445	12404.452148
1259.051758	12491.152344
1260.123047	12314.051758
1261.193359	12279.331055
1262.263672	12085.758789
1263.333984	12413.112305
1264.403320	12149.379883
1265.472656	12180.043945
1266.541992	12199.032227
1267.611328	12194.644531
1268.680664	12272.117188
1269.749023	12506.363281
1270.817383	12326.549805
1271.885742	12235.594727
1272.954102	12252.282227
1274.021484	12479.704102
1275.088867	12346.570313
1276.156250	12267.255859
1277.223633	12361.284180
1278.290039	12230.383789
1279.356445	12240.064453
1280.422852	12345.873047
1281.489258	12472.832031
1282.554688	12245.681641
1283.620117	12363.291992
1284.685547	12300.275391
1285.750977	12424.991211
1286.816406	12324.402344
1287.880859	12214.377930
1288.945313	12252.263672
1290.009766	12334.798828
1291.073242	12443.214844
1292.137695	12255.572266
1293.201172	12251.193359
1294.264648	12307.942383
1295.327148	12383.529297
1296.390625	12252.164063
1297.453125	12221.906250
1298.515625	12521.075195
1299.577148	12396.717773
1300.639648	12411.204102
1301.701172	12519.884766
1302.762695	12376.607422
1303.824219	12315.717773
1304.884766	12466.865234
1305.945313	12292.846680
1307.005859	12510.061523
1308.066406	12581.188477
1309.126953	12649.991211
1310.186523	12468.788086
1311.246094	12483.333008
1312.305664	12361.012695
1313.364258	12477.039063
1314.423828	12470.350586
1315.482422	12628.961914
1316.541016	12485.312500
1317.598633	12443.188477
1318.657227	12623.168945
1319.714844	12521.970703
1320.772461	12472.738281
1321.829102	12624.474609
1322.886719	12691.135742
1323.943359	12675.031250
1325.000000	12576.105469
1326.056641	12675.938477
1327.112305	12917.849609
1328.167969	12726.574219
1329.223633	12606.262695
1330.279297	12620.920898
1331.333984	12690.081055
1332.389648	12607.603516
1333.444336	12463.459961
1334.498047	12610.875977
1335.552734	12589.987305
1336.606445	12749.361328
1337.660156	12811.535156
1338.713867	12596.092773
1339.766602	12470.750977
1340.820313	12604.132813
1341.873047	12580.849609
1342.925781	12498.177734
1343.977539	12607.903320
1345.030273	12361.243164
1346.082031	12575.569336
1347.132813	12571.280273
1348.184570	12517.055664
1349.235352	12541.295898
1350.287109	12487.043945
1351.336914	12466.082031
1352.387695	12464.152344
1353.437500	12443.178711
1354.488281	12505.536133
1355.537109	12386.918945
1356.586914	12394.505859
1357.635742	12280.579102
1358.685547	12454.977539
1359.734375	12341.015625
1360.782227	12374.833984
1361.831055	12306.119141
1362.878906	12356.647461
1363.926758	12278.356445
1364.973633	12369.476563
1366.021484	12143.157227
1367.068359	12270.106445
1368.115234	12275.318359
1369.162109	12263.813477
1370.208008	12235.581055
1371.253906	12276.642578
1372.299805	12202.986328
1373.345703	12189.071289
1374.390625	12325.817383
1375.436523	12166.012695
1376.481445	12199.938477
1377.525391	12243.455078
1378.570313	12140.976563
1379.614258	12026.480469
1380.658203	12048.440430
1381.702148	12137.482422
1382.745117	12070.832031
1383.788086	12016.134766
1384.831055	12177.151367
1385.874023	12043.336914
1386.916016	11964.619141
1387.958984	11948.235352
1389.000977	12140.587891
1390.041992	12073.844727
1391.083984	12009.472656
1392.125000	12000.295898
1393.166016	11974.306641
1394.207031	11945.905273
1395.247070	12100.099609
1396.287109	11953.958008
1397.327148	11973.616211
1398.367188	12007.711914
1399.406250	12056.256836
1400.446289	12025.443359
1401.485352	12016.273438
1402.523438	12014.321289
1403.562500	12079.774414
1404.600586	12039.316406
1405.638672	12025.333984
1406.676758	12020.983398
1407.713867	12074.463867
1408.750977	11884.544922
1409.788086	12147.758789
1410.825195	12056.636719
1411.861328	12192.192383
1412.897461	12011.780273
1413.933594	11927.805664
1414.969727	12017.577148
1416.004883	12104.980469
1417.040039	12006.488281
1418.075195	12031.135742
1419.110352	11918.086914
1420.144531	12073.226563
1421.178711	12010.899414
1422.212891	12146.799805
1423.247070	11953.875977
1424.280273	11947.117188
1425.313477	11870.193359
1426.346680	11827.115234
1427.378906	11955.889648
1428.412109	11927.345703
1429.444336	11978.712891
1430.475586	11797.548828
1431.507813	12006.416992
1432.539063	11888.192383
1433.570313	12002.644531
1434.601563	11959.538086
1435.631836	12030.412109
1436.662109	11982.445313
1437.692383	11997.551758
1438.722656	11951.987305
1439.751953	11828.709961
1440.782227	11943.367188
1441.810547	11982.783203
1442.839844	11993.064453
1443.868164	11728.728516
1444.897461	11860.504883
1445.924805	11861.047852
1446.953125	11829.976563
1447.980469	11662.657227
1449.007813	11738.594727
1450.035156	11595.514648
1451.062500	11583.834961
1452.088867	11927.693359
1453.115234	11606.747070
1454.141602	11612.125977
1455.166992	11661.377930
1456.192383	11544.895508
1457.217773	11574.656250
1458.243164	11648.334961
1459.267578	11563.484375
1460.291992	11481.034180
1461.316406	11391.222656
1462.340820	11474.709961
1463.364258	11472.771484
1464.387695	11419.539063
1465.411133	11305.200195
1466.433594	11501.186523
1467.456055	11504.156250
1468.478516	11575.595703
1469.500977	11480.759766
1470.522461	11464.165039
1471.543945	11359.469727
1472.565430	11413.826172
1473.586914	11453.525391
1474.607422	11412.430664
1475.627930	11251.284180
1476.648438	11180.718750
1477.668945	11195.902344
1478.688477	11211.098633
1479.708008	11294.967773
1480.726563	11199.825195
1481.746094	11286.197266
1482.764648	11274.451172
1483.783203	11132.597656
1484.800781	11376.181641
1485.819336	11187.621094
1486.836914	11107.061523
1487.853516	10957.656250
1488.871094	10935.994141
1489.887695	10897.114258
1490.904297	10909.863281
1491.920898	10811.920898
1492.936523	10802.515625
1493.952148	10766.034180
1494.967773	10823.093750
1495.982422	10582.202148
1496.998047	10789.515625
1498.012695	10615.020508
1499.026367	10625.287109
1500.041016	10628.166992
1501.054688	10416.507813
