346.043945	3806.267090
347.313477	4038.620850
348.582031	3990.128662
349.851563	4101.175781
351.120117	4088.143555
352.389648	4224.870117
353.657227	4336.026855
354.925781	4330.920410
356.194336	4266.663574
357.461914	4454.803711
358.729492	4534.533691
359.996094	4596.540527
361.263672	4676.330078
362.530273	4619.979492
363.796875	4751.127441
365.062500	4817.176270
366.329102	4853.632324
367.594727	4965.153809
368.860352	4920.664063
370.125977	5036.195313
371.390625	5139.915039
372.655273	5156.709961
373.919922	5217.004395
375.184570	5231.846191
376.449219	5323.823730
377.712891	5378.255371
378.976563	5450.515625
380.240234	5524.784180
381.502930	5549.603516
382.765625	5602.147949
384.028320	5674.514160
385.291016	5784.536133
386.552734	5769.817383
387.815430	5792.735840
389.077148	5853.312988
390.337891	5905.988281
391.599609	5903.182129
392.860352	6025.283691
394.121094	6119.672363
395.381836	6194.265625
396.641602	6141.924805
397.901367	6230.444824
399.161133	6295.186035
400.420898	6359.954590
401.679688	6414.823730
402.938477	6372.412109
404.197266	6490.867188
405.456055	6607.383789
406.713867	6390.136230
407.971680	6663.686035
409.229492	6661.045898
410.487305	6706.122559
411.744141	6781.047852
413.000977	6710.809570
414.257813	6765.875488
415.514648	6986.116699
416.770508	6915.882324
418.026367	6873.489258
419.282227	6966.467773
420.537109	7063.468262
421.792969	7120.674316
423.047852	7235.678711
424.301758	7213.242188
425.556641	7356.218262
426.810547	7367.687988
428.064453	7421.035156
429.318359	7612.007813
430.571289	7615.563965
431.824219	7577.227051
433.077148	7656.608398
434.330078	7684.131348
435.582031	7789.522461
436.833984	7751.196289
438.085938	7904.578613
439.337891	7992.107910
440.588867	7887.872559
441.839844	7981.433105
443.090820	8105.015625
444.341797	8154.681152
445.591797	8186.372559
446.841797	8214.079102
448.091797	8217.792969
449.340820	8353.567383
450.589844	8485.396484
451.838867	8383.084961
453.087891	8336.791016
454.335938	8534.789063
455.583984	8486.507813
456.832031	8614.504883
458.080078	8520.135742
459.327148	8560.011719
460.574219	8637.993164
461.821289	8774.157227
463.067383	8882.302734
464.313477	8745.774414
465.559570	8874.026367
466.805664	8781.590820
468.051758	8913.921875
469.296875	8974.037109
470.541992	8963.897461
471.786133	8929.654297
473.031250	8927.539063
474.275391	8913.369141
475.518555	8959.487305
476.762695	9043.820313
478.005859	9154.328125
479.249023	9059.758789
480.492188	9168.308594
481.734375	9198.442383
482.976563	9307.072266
484.218750	9196.357422
485.460938	9401.669922
486.702148	9393.625977
487.943359	9518.508789
489.184570	9456.098633
490.425781	9460.155273
491.666016	9591.183594
492.906250	9591.242188
494.145508	9704.211914
495.385742	9696.231445
496.625000	9464.347656
497.864258	9470.436523
499.102539	9627.879883
500.341797	9773.281250
501.580078	9817.803711
502.817383	9797.729492
504.055664	9880.654297
505.292969	9832.304688
506.530273	9876.883789
507.767578	9974.031250
509.003906	10218.794922
510.240234	10130.041992
511.476563	10194.954102
512.712891	10251.804688
513.948242	10183.236328
515.183594	10023.572266
516.418945	10197.828125
517.653320	10262.832031
518.887695	10194.210938
520.122070	10238.990234
521.356445	10293.919922
522.589844	10506.934570
523.823242	10458.580078
525.056641	10523.734375
526.289063	10388.170898
527.521484	10398.578125
528.753906	10534.768555
529.986328	10626.378906
531.217773	10616.554688
532.449219	10645.295898
533.680664	10736.995117
534.912109	10794.210938
536.142578	10682.851563
537.373047	10614.110352
538.603516	10559.566406
539.833008	10614.764648
541.062500	10667.955078
542.291992	10505.607422
543.521484	10656.433594
544.750000	10555.048828
545.978516	10547.227539
547.207031	10588.253906
548.434570	10733.129883
549.662109	10662.218750
550.889648	10597.388672
552.117188	10740.328125
553.343750	10785.522461
554.570313	10710.487305
555.796875	10637.458008
557.022461	10719.365234
558.248047	10815.586914
559.473633	10685.414063
560.699219	10700.054688
561.923828	10520.818359
563.148438	10557.884766
564.373047	10701.143555
565.597656	10713.760742
566.821289	10701.872070
568.044922	10679.763672
569.268555	10563.636719
570.491211	10674.354492
571.713867	10785.123047
572.936523	10689.393555
574.158203	10814.535156
575.380859	10859.941406
576.602539	10829.650391
577.823242	10762.503906
579.044922	10824.308594
580.265625	10808.326172
581.486328	10839.446289
582.706055	10757.901367
583.925781	10887.386719
585.145508	11023.080078
586.365234	10820.565430
587.584961	10925.546875
588.803711	10936.228516
590.022461	10768.432617
591.240234	10939.138672
592.458008	10951.883789
593.675781	11069.333984
594.893555	11104.703125
596.111328	11066.149414
597.328125	11066.610352
598.544922	11157.482422
599.760742	11149.744141
600.977539	11020.714844
602.193359	11126.033203
603.408203	11048.356445
604.624023	11131.100586
605.838867	11119.233398
607.053711	11088.838867
608.267578	11233.405273
609.482422	11042.420898
610.696289	11189.102539
611.910156	11144.276367
613.123047	11148.880859
614.335938	11215.313477
615.548828	11281.776367
616.761719	11238.993164
617.973633	11128.134766
619.185547	11260.631836
620.397461	11027.997070
621.608398	11234.826172
622.820313	11061.940430
624.030273	11204.867188
625.241211	11054.612305
626.451172	11112.913086
627.662109	11146.448242
628.871094	11264.727539
630.081055	11137.085938
631.290039	11036.262695
632.499023	11237.315430
633.708008	11070.279297
634.916016	11074.885742
636.124023	11323.681641
637.332031	11135.851563
638.539063	11099.069336
639.747070	10964.941406
640.954102	10810.040039
642.160156	11071.491211
643.367188	11196.293945
644.573242	11035.120117
645.778320	10965.092773
646.984375	10996.641602
648.189453	10878.867188
649.394531	10974.723633
650.599609	11014.597656
651.803711	10961.087891
653.007813	10957.378906
654.211914	10816.617188
655.416016	10881.414063
656.619141	10844.443359
657.822266	11031.875000
659.025391	10953.352539
660.227539	10822.821289
661.429688	10943.836914
662.631836	10875.638672
663.833984	10834.453125
665.035156	10936.826172
666.236328	10770.756836
667.437500	10829.444336
668.637695	10834.018555
669.837891	10824.015625
671.038086	10757.761719
672.238281	10914.431641
673.437500	10812.736328
674.636719	10998.675781
675.835938	10951.165039
677.034180	10853.577148
678.232422	10822.699219
679.430664	11071.408203
680.628906	11011.346680
681.826172	10842.704102
683.023438	11083.236328
684.220703	11060.727539
685.416992	10925.402344
686.614258	10790.014648
687.810547	11060.013672
689.005859	11024.934570
690.202148	10948.019531
691.397461	11017.466797
692.591797	11206.182617
693.787109	10957.681641
694.981445	10972.763672
696.175781	10989.945313
697.370117	11028.072266
698.563477	10984.539063
699.756836	10972.406250
700.950195	11039.887695
702.142578	11130.452148
703.335938	11044.975586
704.528320	10867.204102
705.719727	11033.289063
706.912109	11029.538086
708.103516	10874.717773
709.294922	10854.138672
710.485352	10913.315430
711.676758	11144.685547
712.867188	10966.646484
714.056641	10843.137695
715.247070	10860.343750
716.436523	11007.850586
717.625977	11008.284180
718.814453	10876.259766
720.003906	10943.957031
721.192383	11053.754883
722.379883	10982.662109
723.568359	10833.670898
724.755859	10958.250977
725.943359	10796.551758
727.130859	10712.695313
728.317383	10769.927734
729.503906	10972.559570
730.690430	10958.225586
731.875977	10823.738281
733.062500	10760.871094
734.248047	10940.487305
735.432617	10896.600586
736.618164	10789.398438
737.802734	10948.040039
738.987305	10855.575195
740.170898	11109.308594
741.354492	10869.015625
742.538086	10860.954102
743.721680	10983.875000
744.905273	11005.417969
746.087891	10898.038086
747.270508	10959.739258
748.452148	10941.111328
749.634766	10981.697266
750.816406	10963.064453
751.997070	10851.314453
753.178711	10953.286133
754.359375	10921.928711
755.540039	10799.500977
756.720703	10994.721680
757.900391	10840.475586
759.080078	10957.390625
760.259766	10928.112305
761.439453	10788.582031
762.618164	11083.681641
763.796875	11020.474609
764.975586	10800.250977
766.153320	10775.142578
767.331055	10843.408203
768.508789	10988.128906
769.686523	10990.647461
770.863281	10918.831055
772.040039	11144.390625
773.216797	11023.702148
774.393555	10890.206055
775.569336	11026.626953
776.745117	10944.099609
777.920898	10987.013672
779.095703	10932.092773
780.270508	11011.194336
781.445313	11173.332031
782.620117	11148.214844
783.793945	11005.977539
784.967773	10763.577148
786.141602	10947.105469
787.314453	10941.084961
788.487305	10947.847656
789.660156	10937.558594
790.833008	10854.771484
792.004883	10934.025391
793.176758	11075.175781
794.348633	10990.226563
795.520508	10952.186523
796.691406	10890.648438
797.862305	10997.751953
799.033203	11060.056641
800.203125	10921.599609
801.374023	10964.683594
802.543945	10881.703125
803.712891	11089.382813
804.882813	10933.698242
806.051758	10767.249023
807.220703	10780.396484
808.388672	10847.034180
809.556641	10870.903320
810.724609	10901.203125
811.892578	10758.100586
813.060547	10936.142578
814.227539	10960.048828
815.394531	10857.564453
816.560547	10868.603516
817.727539	10896.793945
818.893555	10944.290039
820.059570	11114.033203
821.224609	10876.337891
822.390625	10986.072266
823.555664	10995.002930
824.720703	10928.817383
825.884766	11017.166992
827.048828	11034.696289
828.212891	10854.640625
829.376953	10983.845703
830.540039	10939.063477
831.703125	10913.602539
832.866211	10963.367188
834.029297	10961.548828
835.191406	10875.853516
836.353516	10977.266602
837.515625	10934.566406
838.677734	10980.082031
839.838867	10849.103516
841.000000	10948.444336
842.161133	10965.994141
843.321289	11007.244141
844.481445	10852.448242
845.641602	10945.410156
846.801758	10975.902344
847.960938	10956.819336
849.120117	10873.031250
850.279297	10890.583008
851.438477	10938.344727
852.596680	10955.916016
853.754883	10852.621094
854.913086	10971.648438
856.070313	10948.206055
857.228516	10883.713867
858.385742	10929.371094
859.541992	10743.834961
860.699219	10955.903320
861.855469	10843.789063
863.011719	11004.076172
864.166992	10933.013672
865.323242	10926.816406
866.478516	10948.745117
867.633789	10704.476563
868.788086	10823.775391
869.943359	10759.082031
871.097656	10906.599609
872.251953	10945.870117
873.405273	10989.491211
874.558594	11028.796875
875.711914	10732.128906
876.865234	10927.498047
878.018555	10856.210938
879.170898	10802.244141
880.323242	10874.087891
881.474609	10893.881836
882.626953	10724.841797
883.778320	10753.291992
884.929688	10827.355469
886.080078	10916.656250
887.231445	10962.544922
888.381836	10760.729492
889.532227	10869.631836
890.681641	10704.661133
891.832031	10694.001953
892.981445	10889.956055
894.129883	10864.102539
895.279297	10799.070313
896.427734	10882.001953
897.576172	10956.262695
898.724609	10947.814453
899.872070	10880.559570
901.019531	10760.992188
902.166992	10874.505859
903.314453	10903.074219
904.461914	10929.475586
905.608398	10958.066406
906.754883	10879.812500
907.900391	10923.670898
909.046875	11185.721680
910.192383	11022.354492
911.337891	10915.664063
912.482422	10963.931641
913.627930	10994.749023
914.772461	10820.269531
915.916016	10881.650391
917.060547	10991.130859
918.204102	11035.089844
919.347656	10971.949219
920.491211	10891.286133
921.634766	10961.493164
922.777344	11049.229492
923.919922	10874.442383
925.062500	10951.252930
926.204102	11019.340820
927.345703	10938.573242
928.487305	11076.764648
929.628906	11013.495117
930.770508	11011.541992
931.911133	11040.265625
933.051758	11101.879883
934.191406	11014.438477
935.332031	11054.142578
936.471680	11063.156250
937.611328	10931.767578
938.750977	10969.281250
939.889648	10956.331055
941.028320	10958.739258
942.166992	10976.518555
943.305664	11180.982422
944.443359	11102.160156
945.581055	11040.878906
946.718750	10979.569336
947.856445	11118.263672
948.993164	11162.476563
950.129883	10986.795898
951.266602	11112.380859
952.403320	11088.415039
953.539063	10782.764648
954.674805	10864.363281
955.810547	10807.299805
956.945313	10778.836914
958.081055	10908.939453
959.215820	11122.809570
960.350586	11109.817383
961.484375	10931.522461
962.618164	10881.003906
963.752930	10806.208984
964.885742	10828.416016
966.019531	10903.572266
967.152344	10875.062500
968.285156	10943.638672
969.417969	10862.147461
970.550781	10877.760742
971.682617	10831.548828
972.814453	10840.534180
973.946289	10787.664063
975.077148	10838.625000
976.208008	10865.295898
977.338867	10832.288086
978.469727	10794.842773
979.600586	10892.290039
980.730469	10947.747070
981.860352	10764.267578
982.990234	10914.880859
984.119141	10799.931641
985.249023	10908.548828
986.377930	10862.196289
987.505859	10733.867188
988.634766	10784.935547
989.762695	10629.939453
990.890625	10833.938477
992.018555	10763.126953
993.145508	10776.543945
994.273438	10818.798828
995.400391	10858.851563
996.526367	10874.513672
997.653320	10890.181641
998.779297	10837.041016
999.905273	10905.991211
1001.031250	10917.230469
1002.156250	10812.969727
1003.282227	10917.502930
1004.407227	10826.527344
1005.531250	11142.260742
1006.656250	10871.215820
1007.780273	10922.480469
1008.904297	10909.266602
1010.028320	10951.660156
1011.152344	10849.441406
1012.275391	10934.124023
1013.398438	10960.964844
1014.521484	10909.887695
1015.643555	10965.683594
1016.765625	10825.484375
1017.888672	10834.497070
1019.009766	10950.476563
1020.131836	10787.890625
1021.252930	11013.147461
1022.374023	11044.501953
1023.495117	10919.744141
1024.616211	10960.012695
1025.736328	11004.759766
1026.856445	10908.922852
1027.976563	10846.527344
1029.095703	10964.956055
1030.215820	10994.105469
1031.334961	11101.445313
1032.454102	11199.893555
1033.572266	11021.286133
1034.691406	11133.167969
1035.809570	11110.959961
1036.927734	11106.629883
1038.044922	10941.263672
1039.162109	10968.211914
1040.280273	11107.046875
1041.396484	11044.519531
1042.513672	10843.179688
1043.630859	11154.472656
1044.747070	11185.967773
1045.863281	11092.041016
1046.978516	11186.265625
1048.094727	11027.311523
1049.209961	10946.735352
1050.325195	11074.613281
1051.439453	11159.940430
1052.554688	11115.222656
1053.668945	10985.240234
1054.783203	11012.263672
1055.897461	10962.993164
1057.010742	11005.733398
1058.124023	11174.220703
1059.237305	11131.687500
1060.350586	11032.981445
1061.463867	10918.506836
1062.576172	10909.594727
1063.688477	10873.708008
1064.800781	10894.004883
1065.912109	10873.836914
1067.023438	10945.868164
1068.135742	10905.455078
1069.246094	10982.021484
1070.357422	10943.846680
1071.467773	10826.874023
1072.578125	10860.693359
1073.688477	10824.717773
1074.798828	10932.875977
1075.908203	10928.438477
1077.017578	10928.503906
1078.126953	10894.762695
1079.236328	10948.921875
1080.344727	10793.413086
1081.453125	10743.832031
1082.561523	10931.076172
1083.669922	10989.797852
1084.777344	10940.224609
1085.884766	10804.857422
1086.992188	11032.907227
1088.099609	10947.179688
1089.207031	10935.946289
1090.313477	10827.569336
1091.419922	10915.723633
1092.525391	10721.414063
1093.631836	10789.237305
1094.737305	10963.352539
1095.842773	11069.698242
1096.948242	10872.992188
1098.053711	10929.588867
1099.158203	10818.757813
1100.262695	10836.888672
1101.367188	10979.536133
1102.470703	10961.478516
1103.575195	10984.178711
1104.678711	10936.664063
1105.782227	10963.898438
1106.884766	10932.221680
1107.988281	11063.732422
1109.090820	10998.053711
1110.193359	10936.881836
1111.295898	11082.083984
1112.397461	11036.783203
1113.499023	10998.269531
1114.600586	11114.069336
1115.702148	11105.065430
1116.802734	11086.973633
1117.904297	11080.229492
1119.004883	10993.979492
1120.104492	10928.140625
1121.205078	11100.878906
1122.304688	11094.128906
1123.404297	10994.165039
1124.503906	10971.471680
1125.603516	11078.405273
1126.702148	10980.648438
1127.800781	10948.833984
1128.899414	11124.103516
1129.998047	10930.688477
1131.095703	11083.258789
1132.193359	10910.248047
1133.291016	10839.660156
1134.388672	11024.201172
1135.485352	11138.179688
1136.583008	11010.614258
1137.679688	10951.384766
1138.775391	10930.891602
1139.872070	10956.000000
1140.967773	10958.308594
1142.063477	10869.355469
1143.159180	11045.080078
1144.254883	10962.954102
1145.349609	11040.602539
1146.444336	10960.723633
1147.539063	10933.340820
1148.632813	10983.617188
1149.727539	11157.300781
1150.821289	11022.526367
1151.915039	10876.265625
1153.008789	10857.979492
1154.101563	11043.214844
1155.194336	10976.920898
1156.287109	11075.322266
1157.379883	11063.924805
1158.471680	11157.806641
1159.564453	11022.801758
1160.656250	11009.095703
1161.748047	10972.481445
1162.838867	10961.048828
1163.929688	10947.319336
1165.021484	11077.959961
1166.111328	11036.743164
1167.202148	10938.192383
1168.291992	10883.169922
1169.382813	10970.326172
1170.471680	10773.052734
1171.561523	10892.346680
1172.651367	10839.560547
1173.740234	10880.869141
1174.829102	10968.116211
1175.916992	10910.718750
1177.005859	10873.970703
1178.093750	10850.991211
1179.181641	11023.328125
1180.269531	10883.149414
1181.357422	10804.982422
1182.444336	10869.345703
1183.531250	10890.037109
1184.618164	10910.738281
1185.704102	10814.102539
1186.791016	10839.398438
1187.876953	10839.383789
1188.962891	10929.160156
1190.048828	10786.389648
1191.133789	10825.519531
1192.218750	10797.856445
1193.303711	10857.743164
1194.388672	10758.626953
1195.473633	10917.656250
1196.557617	10915.351563
1197.641602	10970.701172
1198.725586	10871.524414
1199.808594	10885.358398
1200.892578	10899.197266
1201.975586	10991.520508
1203.058594	11072.339844
1204.140625	11155.501953
1205.223633	10926.898438
1206.305664	10929.209961
1207.387695	11023.947266
1208.468750	11042.458984
1209.550781	11049.419922
1210.631836	11197.420898
1211.712891	11067.975586
1212.793945	10991.675781
1213.874023	11091.174805
1214.955078	11105.095703
1216.035156	11026.440430
1217.114258	10945.437500
1218.194336	11112.161133
1219.273438	11072.830078
1220.353516	11017.266602
1221.431641	11021.921875
1222.510742	10998.769531
1223.588867	10910.704102
1224.667969	10943.162109
1225.746094	10991.866211
1226.823242	11045.229492
1227.901367	11274.932617
1228.978516	11186.832031
1230.055664	11263.481445
1231.132813	11191.592773
1232.208984	11207.905273
1233.286133	11131.329102
1234.362305	11103.501953
1235.438477	11229.007813
1236.513672	11115.205078
1237.588867	11140.818359
1238.665039	11082.746094
1239.739258	11159.522461
1240.814453	11252.612305
1241.889648	11275.951172
1242.963867	11194.590820
1244.038086	11157.416992
1245.111328	11141.177734
1246.185547	11283.260742
1247.258789	11187.860352
1248.332031	11164.629883
1249.405273	11094.792969
1250.478516	11192.711914
1251.550781	11276.688477
1252.623047	11328.062500
1253.695313	11160.263672
1254.766602	11104.347656
1255.838867	11074.068359
1256.910156	11251.446289
1257.981445	11062.484375
1259.051758	11190.915039
1260.123047	11214.332031
1261.193359	11181.711914
1262.263672	11193.458984
1263.333984	11258.948242
1264.403320	11205.285156
1265.472656	11217.046875
1266.541992	11331.680664
1267.611328	11373.874023
1268.680664	11275.753906
1269.749023	11233.736328
1270.817383	10997.491211
1271.885742	11343.903320
1272.954102	11166.103516
1274.021484	11479.922852
1275.088867	11304.418945
1276.156250	11192.084961
1277.223633	11466.286133
1278.290039	11424.243164
1279.356445	11225.137695
1280.422852	11269.770508
1281.489258	11415.255859
1282.554688	11309.840820
1283.620117	11267.721680
1284.685547	11408.611328
1285.750977	11300.780273
1286.816406	11251.591797
1287.880859	11127.246094
1288.945313	11277.625000
1290.009766	11395.183594
1291.073242	11345.975586
1292.137695	11449.500977
1293.201172	11306.262695
1294.264648	11311.081055
1295.327148	11409.966797
1296.390625	11356.008789
1297.453125	11269.090820
1298.515625	11455.101563
1299.577148	11422.303711
1300.639648	11507.201172
1301.701172	11260.125977
1302.762695	11241.397461
1303.824219	11144.923828
1304.884766	11441.900391
1305.945313	11434.987305
1307.005859	11529.434570
1308.066406	11421.154297
1309.126953	11661.857422
1310.186523	11643.196289
1311.246094	11390.953125
1312.305664	11638.891602
1313.364258	11334.609375
1314.423828	11530.707031
1315.482422	11587.568359
1316.541016	11585.406250
1317.598633	11500.558594
1318.657227	11470.023438
1319.714844	11394.568359
1320.772461	11564.942383
1321.829102	11475.291016
1322.886719	11423.441406
1323.943359	11530.067383
1325.000000	11497.139648
1326.056641	11502.064453
1327.112305	11582.744141
1328.167969	11625.577148
1329.223633	11386.607422
1330.279297	11562.071289
1331.333984	11619.148438
1332.389648	11669.142578
1333.444336	11411.011719
1334.498047	11750.235352
1335.552734	11482.524414
1336.606445	11629.789063
1337.660156	11499.539063
1338.713867	11537.717773
1339.766602	11464.356445
1340.820313	11426.576172
1341.873047	11526.508789
1342.925781	11403.221680
1343.977539	11403.416992
1345.030273	11520.050781
1346.082031	11437.088867
1347.132813	11375.487305
1348.184570	11442.262695
1349.235352	11309.285156
1350.287109	11447.448242
1351.336914	11652.300781
1352.387695	11440.744141
1353.437500	11493.335938
1354.488281	11384.038086
1355.537109	11396.156250
1356.586914	11393.988281
1357.635742	11294.129883
1358.685547	11308.624023
1359.734375	11335.044922
1360.782227	11225.572266
1361.831055	11228.141602
1362.878906	11261.724609
1363.926758	11273.850586
1364.973633	11405.311523
1366.021484	11441.350586
1367.068359	11420.104492
1368.115234	11310.488281
1369.162109	11243.820313
1370.208008	11375.434570
1371.253906	11378.059570
1372.299805	11158.381836
1373.345703	11122.707031
1374.390625	11237.682617
1375.436523	11192.445313
1376.481445	11187.863281
1377.525391	11207.212891
1378.570313	11039.862305
1379.614258	11011.304688
1380.658203	11215.036133
1381.702148	11011.645508
1382.745117	10904.000977
1383.788086	10956.875000
1384.831055	11158.393555
1385.874023	10926.037109
1386.916016	11118.054688
1387.958984	11024.711914
1389.000977	11075.287109
1390.041992	11015.493164
1391.083984	11178.915039
1392.125000	11042.289063
1393.166016	10963.239258
1394.207031	10912.979492
1395.247070	11191.871094
1396.287109	10973.416016
1397.327148	11026.496094
1398.367188	10968.999023
1399.406250	10990.842773
1400.446289	11094.488281
1401.485352	11087.501953
1402.523438	11054.041992
1403.562500	10921.869141
1404.600586	10996.711914
1405.638672	11006.564453
1406.676758	10980.289063
1407.713867	10927.498047
1408.750977	10918.067383
1409.788086	10988.189453
1410.825195	10945.014648
1411.861328	10988.650391
1412.897461	11041.959961
1413.933594	11056.687500
1414.969727	10919.365234
1416.004883	11052.374023
1417.040039	11052.633789
1418.075195	10854.833008
1419.110352	10927.530273
1420.144531	11099.345703
1421.178711	11056.118164
1422.212891	11068.481445
1423.247070	11008.302734
1424.280273	10962.611328
1425.313477	10982.227539
1426.346680	10851.807617
1427.378906	10956.136719
1428.412109	10852.286133
1429.444336	11029.329102
1430.475586	10923.028320
1431.507813	11119.565430
1432.539063	10979.309570
1433.570313	11003.837891
1434.601563	10948.360352
1435.631836	11031.111328
1436.662109	10995.027344
1437.692383	10876.421875
1438.722656	10755.332031
1439.751953	10787.142578
1440.782227	10933.111328
1441.810547	10862.964844
1442.839844	10685.878906
1443.868164	10827.080078
1444.897461	10783.603516
1445.924805	10720.656250
1446.953125	10708.754883
1447.980469	10816.056641
1449.007813	10816.345703
1450.035156	10777.695313
1451.062500	10760.939453
1452.088867	10668.686523
1453.115234	10629.977539
1454.141602	10761.804688
1455.166992	10652.431641
1456.192383	10601.509766
1457.217773	10643.221680
1458.243164	10575.206055
1459.267578	10592.541992
1460.291992	10734.339844
1461.316406	10414.902344
1462.340820	10439.544922
1463.364258	10361.636719
1464.387695	10349.644531
1465.411133	10435.381836
1466.433594	10640.918945
1467.456055	10430.989258
1468.478516	10375.000977
1469.500977	10421.712891
1470.522461	10392.610352
1471.543945	10522.559570
1472.565430	10562.011719
1473.586914	10425.205078
1474.607422	10445.067383
1475.627930	10428.199219
1476.648438	10438.277344
1477.668945	10318.465820
1478.688477	10284.399414
1479.708008	10242.961914
1480.726563	10370.753906
1481.746094	10216.461914
1482.764648	10268.242188
1483.783203	10234.134766
1484.800781	10330.152344
1485.819336	10214.998047
1486.836914	10227.538086
1487.853516	10176.195313
1488.871094	10137.119141
1489.887695	10063.602539
1490.904297	10083.507813
1491.920898	9857.421875
1492.936523	9951.110352
1493.952148	9850.404297
1494.967773	9902.293945
1495.982422	9971.454102
1496.998047	9863.291992
1498.012695	9900.453125
1499.026367	9873.556641
1500.041016	9718.449219
1501.054688	9546.000000
