346.043945	3365.189209
347.313477	3611.326416
348.582031	3710.465088
349.851563	3713.120361
351.120117	3778.823730
352.389648	3781.495117
353.657227	3888.627686
354.925781	3936.662598
356.194336	4073.441406
357.461914	4036.734375
358.729492	4094.689941
359.996094	4097.431152
361.263672	4232.375000
362.530273	4213.437012
363.796875	4305.030762
365.062500	4305.844727
366.329102	4415.265137
367.594727	4603.728516
368.860352	4499.908691
370.125977	4573.869141
371.390625	4673.548340
372.655273	4781.173340
373.919922	4807.788574
375.184570	4761.256836
376.449219	4710.753418
377.712891	4952.979980
378.976563	4880.733887
380.240234	4855.952637
381.502930	5050.852051
382.765625	4998.383301
384.028320	5070.631836
385.291016	5107.264160
386.552734	5252.851563
387.815430	5305.385254
389.077148	5286.607910
390.337891	5307.461914
391.599609	5278.769043
392.860352	5323.424316
394.121094	5370.082031
395.381836	5529.814941
396.641602	5592.405273
397.901367	5528.031738
399.161133	5548.972168
400.420898	5591.757813
401.679688	5628.605957
402.938477	5784.617188
404.197266	5787.755859
405.456055	5804.803223
406.713867	5780.132324
407.971680	5878.670898
409.229492	5931.531250
410.487305	5990.378906
411.744141	6043.285645
413.000977	6006.711426
414.257813	6171.051270
415.514648	6182.245605
416.770508	6187.475586
418.026367	6160.859863
419.282227	6337.315430
420.537109	6388.386230
421.792969	6453.422363
423.047852	6512.509277
424.301758	6485.939941
425.556641	6515.165527
426.810547	6594.240234
428.064453	6701.262695
429.318359	6682.692871
430.571289	6696.031250
431.824219	6801.149414
433.077148	6736.697754
434.330078	6913.722168
435.582031	6801.358887
436.833984	7014.413086
438.085938	7031.839844
439.337891	7095.218262
440.588867	7170.611816
441.839844	7110.149902
443.090820	7207.567383
444.341797	7367.001953
445.591797	7444.520020
446.841797	7322.070313
448.091797	7339.601563
449.340820	7341.134766
450.589844	7296.640625
451.838867	7454.299805
453.087891	7624.039551
454.335938	7577.578613
455.583984	7689.332520
456.832031	7664.905762
458.080078	7586.367676
459.327148	7684.168457
460.574219	7705.835938
461.821289	7629.266113
463.067383	7691.043457
464.313477	7847.126465
465.559570	7682.262695
466.805664	7615.662109
468.051758	7876.206055
469.296875	7912.008789
470.541992	7761.080566
471.786133	7893.283691
473.031250	8013.491211
474.275391	7968.986328
475.518555	8028.970703
476.762695	8084.961914
478.005859	8108.808594
479.249023	8102.500977
480.492188	8001.652344
481.734375	8105.976563
482.976563	8196.260742
484.218750	8232.239258
485.460938	8310.512695
486.702148	8332.438477
487.943359	8279.854492
489.184570	8229.263672
490.425781	8190.741211
491.666016	8216.695313
492.906250	8395.864258
494.145508	8387.600586
495.385742	8413.618164
496.625000	8463.853516
497.864258	8380.953125
499.102539	8592.645508
500.341797	8580.383789
501.580078	8699.345703
502.817383	8628.543945
504.055664	8757.668945
505.292969	8672.710938
506.530273	8694.809570
507.767578	8737.130859
509.003906	8670.308594
510.240234	8833.961914
511.476563	8888.478516
512.712891	8801.420898
513.948242	8892.375000
515.183594	8981.346680
516.418945	9042.020508
517.653320	9046.031250
518.887695	9177.625000
520.122070	9220.155273
521.356445	9274.860352
522.589844	9232.323242
523.823242	9135.042969
525.056641	9114.757813
526.289063	9224.241211
527.521484	9224.250977
528.753906	9250.633789
529.986328	9325.728516
531.217773	9311.556641
532.449219	9392.789063
533.680664	9293.348633
534.912109	9449.757813
536.142578	9455.917969
537.373047	9378.777344
538.603516	9236.572266
539.833008	9415.470703
541.062500	9372.835938
542.291992	9381.023438
543.521484	9462.441406
544.750000	9403.514648
545.978516	9366.948242
547.207031	9244.876953
548.434570	9318.196289
549.662109	9401.731445
550.889648	9285.699219
552.117188	9381.489258
553.343750	9336.720703
554.570313	9306.200195
555.796875	9328.670898
557.022461	9334.839844
558.248047	9275.747070
559.473633	9294.147461
560.699219	9418.660156
561.923828	9345.261719
563.148438	9375.940430
564.373047	9351.504883
565.597656	9300.508789
566.821289	9398.609375
568.044922	9474.280273
569.268555	9368.100586
570.491211	9339.548828
571.713867	9454.106445
572.936523	9570.759766
574.158203	9401.097656
575.380859	9552.574219
576.602539	9438.085938
577.823242	9560.984375
579.044922	9516.055664
580.265625	9499.777344
581.486328	9409.753906
582.706055	9594.220703
583.925781	9614.834961
585.145508	9754.339844
586.365234	9623.291992
587.584961	9715.698242
588.803711	9746.616211
590.022461	9562.138672
591.240234	9564.308594
592.458008	9710.150391
593.675781	9580.968750
594.893555	9579.038086
596.111328	9720.876953
597.328125	9657.348633
598.544922	9735.571289
599.760742	9741.896484
600.977539	9641.327148
602.193359	9709.319336
603.408203	9717.700195
604.624023	9787.797852
605.838867	9648.054688
607.053711	9672.891602
608.267578	9699.798828
609.482422	9683.480469
610.696289	9805.138672
611.910156	9759.997070
613.123047	9848.761719
614.335938	9663.469727
615.548828	9768.744141
616.761719	9620.462891
617.973633	9659.782227
619.185547	9556.789063
620.397461	9752.917969
621.608398	9852.141602
622.820313	9604.629883
624.030273	9652.249023
625.241211	9619.350586
626.451172	9722.766602
627.662109	9621.688477
628.871094	9727.219727
630.081055	9611.626953
631.290039	9566.276367
632.499023	9607.759766
633.708008	9589.277344
634.916016	9696.990234
636.124023	9738.532227
637.332031	9637.272461
638.539063	9649.833984
639.747070	9575.427734
640.954102	9513.415039
642.160156	9594.325195
643.367188	9550.938477
644.573242	9478.513672
645.778320	9609.227539
646.984375	9650.833984
648.189453	9578.380859
649.394531	9551.537109
650.599609	9628.434570
651.803711	9611.966797
653.007813	9487.537109
654.211914	9643.380859
655.416016	9554.208984
656.619141	9562.638672
657.822266	9691.592773
659.025391	9743.704102
660.227539	9783.365234
661.429688	9637.978516
662.631836	9617.317383
663.833984	9688.181641
665.035156	9438.630859
666.236328	9436.639648
667.437500	9467.957031
668.637695	9432.655273
669.837891	9413.999023
671.038086	9416.166016
672.238281	9532.937500
673.437500	9530.963867
674.636719	9556.089844
675.835938	9451.948242
677.034180	9539.634766
678.232422	9533.487305
679.430664	9531.510742
680.628906	9517.008789
681.826172	9556.777344
683.023438	9465.017578
684.220703	9623.835938
685.416992	9563.382813
686.614258	9504.991211
687.810547	9461.202148
689.005859	9528.185547
690.202148	9611.926758
691.397461	9436.373047
692.591797	9515.946289
693.787109	9532.785156
694.981445	9576.838867
696.175781	9530.899414
697.370117	9545.658203
698.563477	9535.291992
699.756836	9506.067383
700.950195	9424.447266
702.142578	9634.096680
703.335938	9468.619141
704.528320	9485.478516
705.719727	9496.052734
706.912109	9437.408203
708.103516	9265.435547
709.294922	9420.770508
710.485352	9376.760742
711.676758	9416.713867
712.867188	9429.383789
714.056641	9381.141602
715.247070	9326.574219
716.436523	9492.642578
717.625977	9528.461914
718.814453	9389.788086
720.003906	9307.831055
721.192383	9463.528320
722.379883	9249.000000
723.568359	9297.427734
724.755859	9354.296875
725.943359	9373.293945
727.130859	9364.921875
728.317383	9373.397461
729.503906	9394.516602
730.690430	9299.740234
731.875977	9335.606445
733.062500	9285.046875
734.248047	9278.748047
735.432617	9325.177734
736.618164	9278.798828
737.802734	9396.998047
738.987305	9388.605469
740.170898	9483.659180
741.354492	9490.063477
742.538086	9295.810547
743.721680	9289.497070
744.905273	9350.801758
746.087891	9268.405273
747.270508	9255.736328
748.452148	9304.385742
749.634766	9293.833008
750.816406	9431.366211
751.997070	9257.897461
753.178711	9357.386719
754.359375	9319.311523
755.540039	9406.154297
756.720703	9440.083984
757.900391	9414.710938
759.080078	9363.896484
760.259766	9313.057617
761.439453	9370.314453
762.618164	9389.428711
763.796875	9234.631836
764.975586	9287.664063
766.153320	9364.061523
767.331055	9247.353516
768.508789	9332.266602
769.686523	9395.984375
770.863281	9517.074219
772.040039	9602.105469
773.216797	9523.560547
774.393555	9615.006836
775.569336	9487.533203
776.745117	9485.453125
777.920898	9511.019531
779.095703	9502.560547
780.270508	9353.663086
781.445313	9474.986328
782.620117	9485.667969
783.793945	9372.859375
784.967773	9507.045898
786.141602	9394.188477
787.314453	9556.136719
788.487305	9417.664063
789.660156	9360.128906
790.833008	9249.263672
792.004883	9413.456055
793.176758	9475.333008
794.348633	9409.220703
795.520508	9449.782227
796.691406	9394.305664
797.862305	9244.858398
799.033203	9368.694336
800.203125	9257.620117
801.374023	9456.291992
802.543945	9424.255859
803.712891	9353.728516
804.882813	9529.037109
806.051758	9349.436523
807.220703	9377.233398
808.388672	9259.559570
809.556641	9392.203125
810.724609	9456.413086
811.892578	9276.586914
813.060547	9415.747070
814.227539	9272.240234
815.394531	9334.334961
816.560547	9370.742188
817.727539	9272.134766
818.893555	9272.096680
820.059570	9492.923828
821.224609	9392.128906
822.390625	9452.184570
823.555664	9357.769531
824.720703	9460.767578
825.884766	9456.472656
827.048828	9450.028320
828.212891	9501.569336
829.376953	9473.647461
830.540039	9430.671875
831.703125	9495.134766
832.866211	9325.310547
834.029297	9361.825195
835.191406	9456.421875
836.353516	9480.073242
837.515625	9488.672852
838.677734	9314.345703
839.838867	9301.383789
841.000000	9426.212891
842.161133	9359.428711
843.321289	9426.165039
844.481445	9447.684570
845.641602	9439.042969
846.801758	9382.974609
847.960938	9449.771484
849.120117	9247.037109
850.279297	9259.907227
851.438477	9417.333008
852.596680	9402.191406
853.754883	9380.567383
854.913086	9374.044922
856.070313	9190.446289
857.228516	9069.401367
858.385742	9371.736328
859.541992	9378.166016
860.699219	9246.271484
861.855469	9326.177734
863.011719	9501.259766
864.166992	9254.671875
865.323242	9388.711914
866.478516	9312.924805
867.633789	9408.079102
868.788086	9364.730469
869.943359	9295.378906
871.097656	9459.893555
872.251953	9353.704102
873.405273	9414.301758
874.558594	9416.412109
875.711914	9160.569336
876.865234	9453.153320
878.018555	9214.550781
879.170898	9355.437500
880.323242	9353.191406
881.474609	9344.432617
882.626953	9305.281250
883.778320	9557.034180
884.929688	9409.333008
886.080078	9296.316406
887.231445	9335.326172
888.381836	9291.776367
889.532227	9385.136719
890.681641	9291.576172
891.832031	9195.797852
892.981445	9378.368164
894.129883	9112.880859
895.279297	9332.502930
896.427734	9386.815430
897.576172	9216.931641
898.724609	9371.398438
899.872070	9277.658203
901.019531	9477.951172
902.166992	9403.799805
903.314453	9275.131836
904.461914	9366.564453
905.608398	9499.461914
906.754883	9429.606445
907.900391	9490.593750
909.046875	9425.066406
910.192383	9333.322266
911.337891	9355.036133
912.482422	9555.780273
913.627930	9555.714844
914.772461	9446.440430
915.916016	9503.148438
917.060547	9579.545898
918.204102	9463.644531
919.347656	9531.320313
920.491211	9395.674805
921.634766	9590.212891
922.777344	9552.957031
923.919922	9310.010742
925.062500	9552.801758
926.204102	9456.407227
927.345703	9502.284180
928.487305	9456.202148
929.628906	9335.623047
930.770508	9552.391602
931.911133	9484.373047
933.051758	9580.713867
934.191406	9365.780273
935.332031	9343.721680
936.471680	9451.058594
937.611328	9442.168945
938.750977	9400.360352
939.889648	9452.908203
941.028320	9476.938477
942.166992	9637.115234
943.305664	9434.983398
944.443359	9507.350586
945.581055	9487.465820
946.718750	9463.175781
947.856445	9394.911133
948.993164	9269.451172
950.129883	9407.828125
951.266602	9368.097656
952.403320	9444.953125
953.539063	9347.997070
954.674805	9266.404297
955.810547	9393.918945
956.945313	9376.157227
958.081055	9400.232422
959.215820	9395.679688
960.350586	9331.629883
961.484375	9441.661133
962.618164	9558.353516
963.752930	9421.532227
964.885742	9357.427734
966.019531	9432.262695
967.152344	9392.400391
968.285156	9407.689453
969.417969	9255.229492
970.550781	9305.817383
971.682617	9444.757813
972.814453	9444.605469
973.946289	9327.363281
975.077148	9241.005859
976.208008	9327.002930
977.338867	9326.821289
978.469727	9350.960938
979.600586	9518.866211
980.730469	9297.510742
981.860352	9339.357422
982.990234	9157.700195
984.119141	9252.657227
985.249023	9188.244141
986.377930	9283.247070
987.505859	9418.160156
988.634766	9355.953125
989.762695	9444.403320
990.890625	9295.732422
992.018555	9173.598633
993.145508	9199.975586
994.273438	9448.151367
995.400391	9432.449219
996.526367	9503.273438
997.653320	9518.644531
998.779297	9185.513672
999.905273	9174.176758
1001.031250	9416.000000
1002.156250	9320.299805
1003.282227	9351.194336
1004.407227	9373.212891
1005.531250	9493.037109
1006.656250	9297.224609
1007.780273	9412.634766
1008.904297	9470.266602
1010.028320	9396.671875
1011.152344	9427.622070
1012.275391	9607.696289
1013.398438	9396.066406
1014.521484	9431.487305
1015.643555	9531.503906
1016.765625	9462.275391
1017.888672	9475.450195
1019.009766	9562.167969
1020.131836	9412.658203
1021.252930	9593.031250
1022.374023	9635.229492
1023.495117	9735.433594
1024.616211	9619.290039
1025.736328	9400.457031
1026.856445	9572.088867
1027.976563	9656.735352
1029.095703	9685.599609
1030.215820	9430.856445
1031.334961	9553.497070
1032.454102	9591.291016
1033.572266	9544.183594
1034.691406	9624.457031
1035.809570	9530.386719
1036.927734	9563.731445
1038.044922	9536.703125
1039.162109	9496.239258
1040.280273	9496.032227
1041.396484	9571.916992
1042.513672	9531.432617
1043.630859	9627.504883
1044.747070	9665.392578
1045.863281	9819.771484
1046.978516	9777.060547
1048.094727	9698.476563
1049.209961	9583.997070
1050.325195	9637.603516
1051.439453	9626.206055
1052.554688	9610.316406
1053.668945	9637.041992
1054.783203	9627.876953
1055.897461	9634.417969
1057.010742	9715.034180
1058.124023	9535.245117
1059.237305	9638.330078
1060.350586	9498.875977
1061.463867	9667.147461
1062.576172	9720.887695
1063.688477	9594.844727
1064.800781	9513.708008
1065.912109	9455.021484
1067.023438	9558.237305
1068.135742	9656.996094
1069.246094	9371.054688
1070.357422	9528.326172
1071.467773	9602.378906
1072.578125	9491.849609
1073.688477	9588.443359
1074.798828	9430.562500
1075.908203	9351.462891
1077.017578	9551.738281
1078.126953	9438.822266
1079.236328	9614.402344
1080.344727	9562.328125
1081.453125	9602.694336
1082.561523	9507.735352
1083.669922	9360.843750
1084.777344	9475.660156
1085.884766	9290.327148
1086.992188	9348.735352
1088.099609	9461.361328
1089.207031	9574.035156
1090.313477	9390.821289
1091.419922	9505.785156
1092.525391	9480.677734
1093.631836	9686.126953
1094.737305	9593.216797
1095.842773	9461.821289
1096.948242	9384.656250
1098.053711	9382.117188
1099.158203	9467.827148
1100.262695	9426.825195
1101.367188	9537.481445
1102.470703	9512.326172
1103.575195	9466.776367
1104.678711	9548.061523
1105.782227	9434.526367
1106.884766	9565.693359
1107.988281	9470.246094
1109.090820	9469.979492
1110.193359	9471.979492
1111.295898	9621.408203
1112.397461	9637.050781
1113.499023	9541.514648
1114.600586	9620.694336
1115.702148	9634.075195
1116.802734	9529.393555
1117.904297	9556.385742
1119.004883	9758.292969
1120.104492	9546.787109
1121.205078	9551.073242
1122.304688	9343.979492
1123.404297	9550.555664
1124.503906	9757.219727
1125.603516	9629.638672
1126.702148	9777.258789
1127.800781	9806.624023
1128.899414	9517.389648
1129.998047	9603.618164
1131.095703	9717.204102
1132.193359	9550.736328
1133.291016	9687.134766
1134.388672	9456.800781
1135.485352	9581.841797
1136.583008	9408.366211
1137.679688	9734.057617
1138.775391	9658.584961
1139.872070	9626.411133
1140.967773	9596.503906
1142.063477	9648.720703
1143.159180	9525.241211
1144.254883	9495.291992
1145.349609	9606.876953
1146.444336	9481.025391
1147.539063	9622.344727
1148.632813	9514.718750
1149.727539	9493.873047
1150.821289	9610.143555
1151.915039	9705.889648
1153.008789	9534.169922
1154.101563	9563.621094
1155.194336	9629.680664
1156.287109	9782.705078
1157.379883	9565.089844
1158.471680	9507.595703
1159.564453	9399.713867
1160.656250	9456.648438
1161.748047	9529.637695
1162.838867	9643.890625
1163.929688	9471.791992
1165.021484	9464.620117
1166.111328	9574.345703
1167.202148	9695.581055
1168.291992	9488.949219
1169.382813	9564.344727
1170.471680	9495.243164
1171.561523	9598.206055
1172.651367	9630.064453
1173.740234	9434.677734
1174.829102	9636.420898
1175.916992	9539.703125
1177.005859	9491.179688
1178.093750	9614.947266
1179.181641	9591.697266
1180.269531	9669.569336
1181.357422	9581.950195
1182.444336	9625.360352
1183.531250	9671.088867
1184.618164	9746.742188
1185.704102	9707.382813
1186.791016	9642.691406
1187.876953	9649.330078
1188.962891	9513.227539
1190.048828	9598.136719
1191.133789	9657.745117
1192.218750	9629.834961
1193.303711	9627.260742
1194.388672	9643.122070
1195.473633	9529.896484
1196.557617	9568.801758
1197.641602	9515.474609
1198.725586	9427.523438
1199.808594	9542.569336
1200.892578	9565.355469
1201.975586	9657.396484
1203.058594	9761.020508
1204.140625	9589.898438
1205.223633	9670.455078
1206.305664	9598.577148
1207.387695	9697.654297
1208.468750	9699.707031
1209.550781	9736.434570
1210.631836	9807.858398
1211.712891	9733.621094
1212.793945	9724.117188
1213.874023	9712.296875
1214.955078	9890.222656
1216.035156	9633.090820
1217.114258	9945.346680
1218.194336	9808.525391
1219.273438	9870.822266
1220.353516	9796.471680
1221.431641	9789.283203
1222.510742	9594.375977
1223.588867	9825.892578
1224.667969	9980.998047
1225.746094	9707.162109
1226.823242	9815.919922
1227.901367	9736.808594
1228.978516	9724.956055
1230.055664	9889.490234
1231.132813	9833.558594
1232.208984	9893.699219
1233.286133	9986.378906
1234.362305	9881.652344
1235.438477	9795.467773
1236.513672	9818.469727
1237.588867	9890.293945
1238.665039	9931.925781
1239.739258	9845.679688
1240.814453	9931.511719
1241.889648	9984.811523
1242.963867	9926.445313
1244.038086	10007.695313
1245.111328	9828.259766
1246.185547	9772.151367
1247.258789	9893.011719
1248.332031	9787.977539
1249.405273	9934.522461
1250.478516	10076.470703
1251.550781	9997.047852
1252.623047	9859.307617
1253.695313	9987.340820
1254.766602	9963.825195
1255.838867	10049.944336
1256.910156	10012.433594
1257.981445	9897.889648
1259.051758	9886.008789
1260.123047	9913.815430
1261.193359	9946.305664
1262.263672	9836.322266
1263.333984	9908.528320
1264.403320	9859.249023
1265.472656	9947.853516
1266.541992	9949.996094
1267.611328	9945.125000
1268.680664	10050.178711
1269.749023	10024.273438
1270.817383	10176.189453
1271.885742	10094.131836
1272.954102	10049.493164
1274.021484	10171.076172
1275.088867	10177.958008
1276.156250	10149.708008
1277.223633	9926.982422
1278.290039	10058.020508
1279.356445	10025.040039
1280.422852	10090.511719
1281.489258	9940.277344
1282.554688	10085.506836
1283.620117	10040.776367
1284.685547	9904.513672
1285.750977	10150.752930
1286.816406	10094.272461
1287.880859	9993.154297
1288.945313	10136.241211
1290.009766	10234.758789
1291.073242	10034.926758
1292.137695	9997.163086
1293.201172	10086.314453
1294.264648	10074.409180
1295.327148	10189.485352
1296.390625	9932.979492
1297.453125	10156.297852
1298.515625	10014.977539
1299.577148	10156.035156
1300.639648	10024.071289
1301.701172	10181.677734
1302.762695	10172.134766
1303.824219	10047.157227
1304.884766	10237.862305
1305.945313	10268.392578
1307.005859	10131.570313
1308.066406	10216.321289
1309.126953	10112.446289
1310.186523	10308.097656
1311.246094	10239.588867
1312.305664	10031.818359
1313.364258	10336.162109
1314.423828	10196.790039
1315.482422	10236.826172
1316.541016	10283.967773
1317.598633	10397.279297
1318.657227	10203.453125
1319.714844	10229.348633
1320.772461	10345.091797
1321.829102	10380.491211
1322.886719	10304.748047
1323.943359	10484.459961
1325.000000	10515.185547
1326.056641	10531.726563
1327.112305	10597.986328
1328.167969	10614.554688
1329.223633	10640.604492
1330.279297	10633.504883
1331.333984	10579.016602
1332.389648	10533.984375
1333.444336	10424.933594
1334.498047	10462.831055
1335.552734	10548.175781
1336.606445	10484.125977
1337.660156	10443.773438
1338.713867	10377.300781
1339.766602	10310.799805
1340.820313	10389.090820
1341.873047	10370.058594
1342.925781	10564.784180
1343.977539	10548.161133
1345.030273	10536.284180
1346.082031	10457.853516
1347.132813	10343.729492
1348.184570	10284.245117
1349.235352	10381.709961
1350.287109	10365.031250
1351.336914	10279.341797
1352.387695	10472.077148
1353.437500	10403.040039
1354.488281	10381.595703
1355.537109	10357.760742
1356.586914	10374.413086
1357.635742	10271.939453
1358.685547	10279.049805
1359.734375	10186.045898
1360.782227	10097.769531
1361.831055	10147.778320
1362.878906	10054.684570
1363.926758	10164.360352
1364.973633	10190.558594
1366.021484	10254.963867
1367.068359	10228.669922
1368.115234	10197.589844
1369.162109	10116.333008
1370.208008	10104.329102
1371.253906	10204.645508
1372.299805	10199.832031
1373.345703	10140.025391
1374.390625	10096.934570
1375.436523	10077.745117
1376.481445	10048.978516
1377.525391	10072.850586
1378.570313	10036.891602
1379.614258	10058.380859
1380.658203	10070.301758
1381.702148	9962.460938
1382.745117	9940.826172
1383.788086	9962.320313
1384.831055	9866.369141
1385.874023	10012.537109
1386.916016	9954.927734
1387.958984	10058.010742
1389.000977	9926.009766
1390.041992	9909.143555
1391.083984	10041.099609
1392.125000	9959.429688
1393.166016	9856.108398
1394.207031	9947.314453
1395.247070	9976.094727
1396.287109	10021.713867
1397.327148	9882.259766
1398.367188	10014.441406
1399.406250	9850.873047
1400.446289	9901.325195
1401.485352	9761.717773
1402.523438	9915.666016
1403.562500	9930.066406
1404.600586	9739.806641
1405.638672	9942.034180
1406.676758	10033.546875
1407.713867	9958.842773
1408.750977	10026.304688
1409.788086	9992.549805
1410.825195	9761.052734
1411.861328	9828.522461
1412.897461	9997.351563
1413.933594	9941.849609
1414.969727	9869.426758
1416.004883	9835.598633
1417.040039	9697.919922
1418.075195	9777.562500
1419.110352	9760.606445
1420.144531	9852.390625
1421.178711	9806.443359
1422.212891	9808.831055
1423.247070	9808.804688
1424.280273	9743.468750
1425.313477	9765.206055
1426.346680	9937.002930
1427.378906	9910.389648
1428.412109	10060.519531
1429.444336	10007.287109
1430.475586	9828.061523
1431.507813	9835.327148
1432.539063	9682.635742
1433.570313	9786.846680
1434.601563	9954.157227
1435.631836	9684.966797
1436.662109	9876.601563
1437.692383	9920.305664
1438.722656	9820.824219
1439.751953	10015.071289
1440.782227	9816.000000
1441.810547	9755.291992
1442.839844	9752.869141
1443.868164	9803.915039
1444.897461	9658.083008
1445.924805	9709.135742
1446.953125	9782.106445
1447.980469	9592.377930
1449.007813	9580.192383
1450.035156	9580.173828
1451.062500	9453.558594
1452.088867	9548.486328
1453.115234	9570.390625
1454.141602	9477.794922
1455.166992	9572.809570
1456.192383	9587.431641
1457.217773	9511.845703
1458.243164	9577.682617
1459.267578	9470.347656
1460.291992	9423.964844
1461.316406	9375.120117
1462.340820	9553.306641
1463.364258	9423.887695
1464.387695	9348.144531
1465.411133	9352.995117
1466.433594	9260.092773
1467.456055	9208.703125
1468.478516	9252.652344
1469.500977	9215.915039
1470.522461	9274.573242
1471.543945	9409.125977
1472.565430	9232.887695
1473.586914	9428.713867
1474.607422	9259.742188
1475.627930	9147.027344
1476.648438	9328.291992
1477.668945	9367.500000
1478.688477	9286.604492
1479.708008	9254.712891
1480.726563	9232.620117
1481.746094	9269.403320
1482.764648	9200.678711
1483.783203	9318.487305
1484.800781	9099.962891
1485.819336	9269.392578
1486.836914	9225.175781
1487.853516	9085.098633
1488.871094	9065.396484
1489.887695	8944.877930
1490.904297	8976.781250
1491.920898	8898.001953
1492.936523	8831.487305
1493.952148	8713.250977
1494.967773	8944.563477
1495.982422	8868.166016
1496.998047	8840.998047
1498.012695	8843.386719
1499.026367	8720.080078
1500.041016	8719.978516
1501.054688	8569.452148
