346.043945	3888.969238
347.313477	4009.084229
348.582031	4167.380371
349.851563	4213.456055
351.120117	4224.086914
352.389648	4309.604004
353.657227	4399.096191
354.925781	4423.570801
356.194336	4503.262695
357.461914	4549.460938
358.729492	4568.064453
359.996094	4724.770020
361.263672	4812.476563
362.530273	4854.826660
363.796875	4847.847656
365.062500	4957.348145
366.329102	4895.099609
367.594727	5026.378906
368.860352	5213.020020
370.125977	5180.425293
371.390625	5238.721680
372.655273	5312.854004
373.919922	5357.363281
375.184570	5346.527832
376.449219	5482.035156
377.712891	5491.002930
378.976563	5618.680664
380.240234	5609.872070
381.502930	5707.937500
382.765625	5679.351074
384.028320	5725.992676
385.291016	5948.903320
386.552734	5981.753906
387.815430	6056.222168
389.077148	5930.591309
390.337891	5967.426270
391.599609	6117.266602
392.860352	6064.936523
394.121094	6315.993652
395.381836	6212.116211
396.641602	6276.825195
397.901367	6293.939941
399.161133	6414.262695
400.420898	6449.279785
401.679688	6484.312500
402.938477	6545.176270
404.197266	6617.982910
405.456055	6694.793945
406.713867	6716.001465
407.971680	6749.143555
409.229492	6768.385742
410.487305	6879.094238
411.744141	6969.962402
413.000977	6993.244141
414.257813	7028.473145
415.514648	7133.360352
416.770508	7301.977539
418.026367	7168.095703
419.282227	7237.242188
420.537109	7250.659180
421.792969	7325.829590
423.047852	7357.203125
424.301758	7324.828125
425.556641	7531.603516
426.810547	7586.964355
428.064453	7566.584473
429.318359	7719.696777
430.571289	7683.381836
431.824219	7653.039063
433.077148	7850.168457
434.330078	7861.764160
435.582031	7841.425781
436.833984	7872.995117
438.085938	8054.362305
439.337891	8169.887695
440.588867	8125.627930
441.839844	8259.205078
443.090820	8274.911133
444.341797	8388.585938
445.591797	8426.325195
446.841797	8438.081055
448.091797	8477.849609
449.340820	8613.677734
450.589844	8563.446289
451.838867	8527.207031
453.087891	8679.152344
454.335938	8711.011719
455.583984	8690.808594
456.832031	8834.875977
458.080078	8812.689453
459.327148	8962.859375
460.574219	8808.387695
461.821289	8782.177734
463.067383	8780.023438
464.313477	8866.128906
465.559570	8892.083984
466.805664	8837.780273
468.051758	8974.137695
469.296875	9172.791016
470.541992	9084.379883
471.786133	9034.094727
473.031250	9156.553711
474.275391	9072.106445
475.518555	9192.619141
476.762695	9142.319336
478.005859	9158.349609
479.249023	9202.542969
480.492188	9266.871094
481.734375	9301.049805
482.976563	9377.503906
484.218750	9363.416992
485.460938	9278.864258
486.702148	9584.921875
487.943359	9597.057617
489.184570	9474.228516
490.425781	9566.947266
491.666016	9760.475586
492.906250	9728.317383
494.145508	9710.260742
495.385742	9793.032227
496.625000	9744.727539
497.864258	9803.333984
499.102539	9799.409180
500.341797	9995.309570
501.580078	10054.012695
502.817383	10128.897461
504.055664	10114.946289
505.292969	10173.717773
506.530273	10044.596680
507.767578	10085.191406
509.003906	10040.900391
510.240234	10299.886719
511.476563	10281.916992
512.712891	10272.033203
513.948242	10345.099609
515.183594	10379.750000
516.418945	10491.334961
517.653320	10513.885742
518.887695	10337.991211
520.122070	10384.827148
521.356445	10549.191406
522.589844	10513.013672
523.823242	10653.158203
525.056641	10689.972656
526.289063	10647.722656
527.521484	10564.890625
528.753906	10672.716797
529.986328	10713.629883
531.217773	10699.765625
532.449219	10775.215820
533.680664	10722.782227
534.912109	10849.044922
536.142578	10908.331055
537.373047	11024.534180
538.603516	10793.275391
539.833008	10795.674805
541.062500	10838.740234
542.291992	10912.329102
543.521484	10908.657227
544.750000	10683.223633
545.978516	10789.388672
547.207031	10791.795898
548.434570	10704.626953
549.662109	10684.619141
550.889648	10721.631836
552.117188	10882.934570
553.343750	10860.916992
554.570313	10712.525391
555.796875	10853.549805
557.022461	10917.154297
558.248047	10772.756836
559.473633	10771.093750
560.699219	10832.683594
561.923828	10957.570313
563.148438	10764.061523
564.373047	10893.073242
565.597656	10940.453125
566.821289	10793.795898
568.044922	10869.780273
569.268555	10841.573242
570.491211	10768.383789
571.713867	10915.975586
572.936523	10969.563477
574.158203	10931.127930
575.380859	10853.803711
576.602539	10868.533203
577.823242	11051.113281
579.044922	11002.427734
580.265625	10959.863281
581.486328	11042.225586
582.706055	11038.578125
583.925781	10942.714844
585.145508	10961.590820
586.365234	10970.224609
587.584961	11040.379883
588.803711	11020.321289
590.022461	11053.593750
591.240234	10902.203125
592.458008	11052.454102
593.675781	11165.821289
594.893555	11178.625000
596.111328	11310.557617
597.328125	11165.217773
598.544922	11276.660156
599.760742	11271.003906
600.977539	11209.840820
602.193359	11337.820313
603.408203	11167.642578
604.624023	11104.358398
605.838867	11368.202148
607.053711	11352.270508
608.267578	11468.077148
609.482422	11186.550781
610.696289	11255.004883
611.910156	11187.535156
613.123047	11274.565430
614.335938	11235.921875
615.548828	11263.223633
616.761719	11255.487305
617.973633	11270.432617
619.185547	11279.197266
620.397461	11323.040039
621.608398	11216.252930
622.820313	11229.138672
624.030273	11093.375977
625.241211	11192.975586
626.451172	11296.751953
627.662109	11121.656250
628.871094	11221.330078
630.081055	11163.957031
631.290039	11189.256836
632.499023	11305.558594
633.708008	11155.084961
634.916016	11130.746094
636.124023	11251.252930
637.332031	11086.174805
638.539063	10968.637695
639.747070	11008.428711
640.954102	11197.370117
642.160156	11065.275391
643.367188	11115.476563
644.573242	11099.374023
645.778320	11018.995117
646.984375	11131.429688
648.189453	11046.873047
649.394531	10958.126953
650.599609	10968.945313
651.803711	11025.430664
653.007813	11067.409180
654.211914	11165.473633
655.416016	10995.648438
656.619141	10921.309570
657.822266	10950.834961
659.025391	10947.117188
660.227539	11043.186523
661.429688	10995.821289
662.631836	10921.395508
663.833984	10828.211914
665.035156	10949.310547
666.236328	10872.741211
667.437500	11095.912109
668.637695	10896.486328
669.837891	10892.747070
671.038086	10847.339844
672.238281	10891.511719
673.437500	11025.322266
674.636719	10906.950195
675.835938	10969.931641
677.034180	11066.310547
678.232422	11050.083984
679.430664	11069.322266
680.628906	10984.214844
681.826172	11097.384766
683.023438	11083.236328
684.220703	11081.613281
685.416992	11004.784180
686.614258	11047.019531
687.810547	11105.993164
689.005859	11064.652344
690.202148	11058.837891
691.397461	11063.477539
692.591797	10976.076172
693.787109	10945.127930
694.981445	11020.898438
696.175781	10977.384766
697.370117	11002.946289
698.563477	10919.616211
699.756836	10978.690430
700.950195	10941.411133
702.142578	11038.240234
703.335938	11191.710938
704.528320	11078.971680
705.719727	11085.718750
706.912109	10998.073242
708.103516	10983.821289
709.294922	10935.985352
710.485352	11091.740234
711.676758	11048.104492
712.867188	10895.243164
714.056641	11027.988281
715.247070	11026.326172
716.436523	10932.195313
717.625977	10930.509766
718.814453	11021.332031
720.003906	11166.874023
721.192383	10973.822266
722.379883	10959.518555
723.568359	10903.117188
724.755859	10954.041016
725.943359	10847.082031
727.130859	10906.438477
728.317383	10940.544922
729.503906	10825.078125
730.690430	10869.716797
731.875977	10935.454102
733.062500	10959.053711
734.248047	10913.073242
735.432617	10900.819336
736.618164	11025.694336
737.802734	10886.842773
738.987305	11058.207031
740.170898	10898.185547
741.354492	10788.770508
742.538086	10749.006836
743.721680	10787.394531
744.905273	10868.061523
746.087891	10855.764648
747.270508	10843.460938
748.452148	10852.296875
749.634766	10873.826172
750.816406	10996.914063
751.997070	11035.414063
753.178711	10855.923828
754.359375	10888.055664
755.540039	10892.673828
756.720703	10960.833984
757.900391	10927.334961
759.080078	10889.582031
760.259766	10904.797852
761.439453	11015.419922
762.618164	10865.273438
763.796875	10863.524414
764.975586	10887.230469
766.153320	10828.191406
767.331055	10875.244141
768.508789	10962.654297
769.686523	10850.503906
770.863281	10967.679688
772.040039	10870.347656
773.216797	10921.709961
774.393555	10941.213867
775.569336	11028.752930
776.745117	10929.215820
777.920898	10918.957031
779.095703	10883.165039
780.270508	11011.194336
781.445313	10939.224609
782.620117	10771.427734
783.793945	11046.432617
784.967773	10912.657227
786.141602	10915.152344
787.314453	10840.942383
788.487305	10981.946289
789.660156	11042.010742
790.833008	11093.572266
792.004883	11059.851563
793.176758	10947.188477
794.348633	10847.274414
795.520508	11039.684570
796.691406	10958.955078
797.862305	10967.861328
799.033203	10820.874023
800.203125	10838.293945
801.374023	10810.853516
802.543945	10935.127930
803.712891	10935.482422
804.882813	10843.902344
806.051758	11030.282227
807.220703	10836.009766
808.388672	11067.398438
809.556641	10965.060547
810.724609	10956.853516
811.892578	10976.474609
813.060547	11103.172852
814.227539	10870.089844
815.394531	10883.273438
816.560547	10772.174805
817.727539	10804.629883
818.893555	11030.043945
820.059570	11002.528320
821.224609	10998.592773
822.390625	11093.336914
823.555664	11089.417969
824.720703	11003.936523
825.884766	10787.463867
827.048828	10959.542969
828.212891	10968.470703
829.376953	10816.285156
830.540039	10786.504883
831.703125	10898.557617
832.866211	10752.698242
834.029297	11032.504883
835.191406	10671.541016
836.353516	10830.989258
837.515625	10811.923828
838.677734	10846.650391
839.838867	10786.677734
841.000000	10860.167969
842.161133	10935.843750
843.321289	10955.546875
844.481445	10848.139648
845.641602	10949.720703
846.801758	10825.016602
847.960938	10838.239258
849.120117	10883.814453
850.279297	10897.053711
851.438477	10806.739258
852.596680	10843.703125
853.754883	10751.174805
854.913086	10829.159180
856.070313	10747.380859
857.228516	10784.359375
858.385742	11004.984375
859.541992	10810.822266
860.699219	10824.060547
861.855469	11023.221680
863.011719	10939.207031
864.166992	10896.246094
865.323242	10998.206055
866.478516	10801.607422
867.633789	10674.176758
868.788086	10553.181641
869.943359	10806.717773
871.097656	10863.284180
872.251953	10850.557617
873.405273	10872.490234
874.558594	10762.233398
875.711914	10829.673828
876.865234	10912.321289
878.018555	10877.897461
879.170898	10845.625977
880.323242	10824.187500
881.474609	10865.669922
882.626953	10729.182617
883.778320	10729.410156
884.929688	10988.050781
886.080078	10797.194336
887.231445	10962.544922
888.381836	10825.918945
889.532227	10843.549805
890.681641	10945.971680
891.832031	10863.609375
892.981445	10879.081055
894.129883	10709.647461
895.279297	10661.987305
896.427734	10725.301758
897.576172	10764.696289
898.724609	10658.224609
899.872070	10773.844727
901.019531	10859.017578
902.166992	10785.173828
903.314453	10883.460938
904.461914	10827.025391
905.608398	10842.511719
906.754883	10779.497070
907.900391	10781.890625
909.046875	10779.919922
910.192383	10876.146484
911.337891	10965.866211
912.482422	10924.633789
913.627930	10830.974609
914.772461	10957.870117
915.916016	11012.728516
917.060547	10949.613281
918.204102	10827.458008
919.347656	10987.251953
920.491211	10760.092773
921.634766	10961.493164
922.777344	10900.477539
923.919922	10784.733398
925.062500	10957.818359
926.204102	10774.174805
927.345703	10912.299805
928.487305	10930.038086
929.628906	10809.784180
930.770508	10877.895508
931.911133	10886.868164
933.051758	10884.883789
934.191406	10830.279297
935.332031	10891.872070
936.471680	10957.875977
937.611328	10909.830078
938.750977	10822.263672
939.889648	10929.993164
941.028320	11059.721680
942.166992	11005.062500
943.305664	10818.605469
944.443359	11097.766602
945.581055	11025.498047
946.718750	10814.744141
947.856445	10889.656250
948.993164	10929.420898
950.129883	10870.242188
951.266602	11028.796875
952.403320	10859.606445
953.539063	10784.965820
954.674805	10873.167969
955.810547	10717.037109
956.945313	10805.260742
958.081055	10809.827148
959.215820	10752.710938
960.350586	10803.537109
961.484375	10887.443359
962.618164	10748.739258
963.752930	10850.306641
964.885742	10746.817383
966.019531	10621.222656
967.152344	10797.840820
968.285156	10720.750000
969.417969	10767.233398
970.550781	10690.099609
971.682617	10699.052734
972.814453	10619.659180
973.946289	10621.971680
975.077148	10708.252930
976.208008	10642.066406
977.338867	10759.335938
978.469727	10719.664063
979.600586	10642.375000
980.730469	10598.233398
981.860352	10616.023438
982.990234	10554.149414
984.119141	10722.457031
985.249023	10653.935547
986.377930	10671.748047
987.505859	10587.677734
988.634766	10656.437500
989.762695	10711.929688
990.890625	10541.369141
992.018555	10703.270508
993.145508	10590.283203
994.273438	10517.167969
995.400391	10756.807617
996.526367	10781.323242
997.653320	10812.505859
998.779297	10597.302734
999.905273	10683.963867
1001.031250	10632.973633
1002.156250	10670.810547
1003.282227	10704.218750
1004.407227	10728.750977
1005.531250	10728.842773
1006.656250	10904.563477
1007.780273	10893.573242
1008.904297	10815.853516
1010.028320	10862.676758
1011.152344	10891.717773
1012.275391	10845.101563
1013.398438	10658.224609
1014.521484	10856.452148
1015.643555	10796.432617
1016.765625	10818.802734
1017.888672	10910.247070
1019.009766	11021.786133
1020.131836	10939.456055
1021.252930	10979.707031
1022.374023	11042.271484
1023.495117	10910.822266
1024.616211	10835.086914
1025.736328	10719.153320
1026.856445	10924.544922
1027.976563	10864.385742
1029.095703	10929.232422
1030.215820	10911.476563
1031.334961	11027.733398
1032.454102	11085.950195
1033.572266	11019.051758
1034.691406	10996.825195
1035.809570	11057.304688
1036.927734	11008.242188
1038.044922	10990.468750
1039.162109	10927.945313
1040.280273	11046.633789
1041.396484	11022.139648
1042.513672	10914.810547
1043.630859	10820.868164
1044.747070	10946.348633
1045.863281	10892.689453
1046.978516	10995.833008
1048.094727	10982.494141
1049.209961	10919.838867
1050.325195	10960.280273
1051.439453	11238.421875
1052.554688	11052.424805
1053.668945	11000.943359
1054.783203	11124.450195
1055.897461	10862.003906
1057.010742	10983.286133
1058.124023	10936.232422
1059.237305	10929.579102
1060.350586	10985.813477
1061.463867	10851.108398
1062.576172	10972.513672
1063.688477	10889.440430
1064.800781	11022.143555
1065.912109	10921.055664
1067.023438	11013.337891
1068.135742	10779.484375
1069.246094	10869.523438
1070.357422	10997.857422
1071.467773	10849.382813
1072.578125	10786.397461
1073.688477	10793.191406
1074.798828	10876.567383
1075.908203	10739.201172
1077.017578	10739.227539
1078.126953	10946.599609
1079.236328	10908.345703
1080.344727	10892.621094
1081.453125	11007.691406
1082.561523	10872.428711
1083.669922	10784.486328
1084.777344	10775.489258
1085.884766	10759.715820
1086.992188	10818.435547
1088.099609	10741.694336
1089.207031	10667.177734
1090.313477	10786.906250
1091.419922	10811.785156
1092.525391	10899.954102
1093.631836	10875.135742
1094.737305	10737.257813
1095.842773	10755.359375
1096.948242	10787.040039
1098.053711	10850.405273
1099.158203	10870.803711
1100.262695	10884.418945
1101.367188	10861.817383
1102.470703	10859.584961
1103.575195	10868.674805
1104.678711	11009.152344
1105.782227	10907.254883
1106.884766	11022.870117
1107.988281	10916.397461
1109.090820	10843.885742
1110.193359	10850.711914
1111.295898	10891.560547
1112.397461	11016.365234
1113.499023	10884.815430
1114.600586	10884.842773
1115.702148	10964.322266
1116.802734	11002.964844
1117.904297	10907.632813
1119.004883	10880.405273
1120.104492	10962.219727
1121.205078	10912.265625
1122.304688	11028.213867
1123.404297	11035.086914
1124.503906	10907.802734
1125.603516	10944.218750
1126.702148	11039.794922
1127.800781	11046.672852
1128.899414	10957.969727
1129.998047	10880.610352
1131.095703	10973.974609
1132.193359	11028.664063
1133.291016	10939.879883
1134.388672	10992.305664
1135.485352	10985.507813
1136.583008	10837.398438
1137.679688	11040.291016
1138.775391	10860.207031
1139.872070	11022.137695
1140.967773	10949.184570
1142.063477	10905.860352
1143.159180	10915.003906
1144.254883	10924.151367
1145.349609	10942.433594
1146.444336	10926.470703
1147.539063	10778.031250
1148.632813	10887.670898
1149.727539	10819.131836
1150.821289	10919.682617
1151.915039	10725.396484
1153.008789	10947.147461
1154.101563	10821.389648
1155.194336	10750.474609
1156.287109	10947.204102
1157.379883	10885.437500
1158.471680	10928.928711
1159.564453	10903.759766
1160.656250	10869.420898
1161.748047	10819.036133
1162.838867	10961.048828
1163.929688	10814.430664
1165.021484	11075.668945
1166.111328	10855.663086
1167.202148	10750.196289
1168.291992	10915.273438
1169.382813	10743.258789
1170.471680	10832.699219
1171.561523	10947.416016
1172.651367	10823.495117
1173.740234	10770.683594
1174.829102	10772.954102
1175.916992	10846.416992
1177.005859	10862.485352
1178.093750	11000.327148
1179.181641	10816.511719
1180.269531	10933.714844
1181.357422	10818.775391
1182.444336	10899.237305
1183.531250	10818.740234
1184.618164	10894.634766
1185.704102	10682.953125
1186.791016	10942.958984
1187.876953	10809.459961
1188.962891	10779.508789
1190.048828	10804.812500
1191.133789	10986.750977
1192.218750	10892.311523
1193.303711	10906.132813
1194.388672	10790.893555
1195.473633	10694.046875
1196.557617	10813.899414
1197.641602	10793.122070
1198.725586	10857.683594
1199.808594	10758.461914
1200.892578	10799.966797
1201.975586	10742.238281
1203.058594	10901.499023
1204.140625	10797.583984
1205.223633	11003.116211
1206.305664	10933.830078
1207.387695	10834.477539
1208.468750	11000.858398
1209.550781	10818.260742
1210.631836	10866.792969
1211.712891	10913.033203
1212.793945	10963.919922
1213.874023	11019.454102
1214.955078	10913.029297
1216.035156	10894.512695
1217.114258	10855.151367
1218.194336	10922.288086
1219.273438	10882.916992
1220.353516	11128.458984
1221.431641	10970.948242
1222.510742	11028.896484
1223.588867	11077.598633
1224.667969	10931.569336
1225.746094	10894.469727
1226.823242	11128.729492
1227.901367	11012.778320
1228.978516	11068.490234
1230.055664	11054.597656
1231.132813	11161.414063
1232.208984	11245.056641
1233.286133	11249.772461
1234.362305	11159.251953
1235.438477	11124.454102
1236.513672	11312.736328
1237.588867	11117.574219
1238.665039	11085.071289
1239.739258	11178.125000
1240.814453	11173.532227
1241.889648	11096.820313
1242.963867	11129.438477
1244.038086	11027.083984
1245.111328	11082.980469
1246.185547	11129.587891
1247.258789	11120.323242
1248.332031	11134.348633
1249.405273	11241.574219
1250.478516	11243.980469
1251.550781	11092.550781
1252.623047	11148.547852
1253.695313	11171.923828
1254.766602	11351.577148
1255.838867	11235.036133
1256.910156	11216.445313
1257.981445	11277.199219
1259.051758	11253.942383
1260.123047	11197.988281
1261.193359	11256.443359
1262.263672	11363.976563
1263.333984	11333.711914
1264.403320	11249.685547
1265.472656	11109.527344
1266.541992	11109.582031
1267.611328	11345.813477
1268.680664	11352.936523
1269.749023	11339.008789
1270.817383	11135.544922
1271.885742	11306.457031
1272.954102	11215.262695
1274.021484	11283.245117
1275.088867	11213.083984
1276.156250	11185.057617
1277.223633	11194.506836
1278.290039	11405.495117
1279.356445	11035.278320
1280.422852	11185.370117
1281.489258	11279.248047
1282.554688	11307.495117
1283.620117	11457.746094
1284.685547	11195.081055
1285.750977	11373.537109
1286.816406	11361.924805
1287.880859	11340.916016
1288.945313	11162.546875
1290.009766	11310.618164
1291.073242	11148.613281
1292.137695	11336.698242
1293.201172	11292.159180
1294.264648	11487.413086
1295.327148	11203.025391
1296.390625	11158.430664
1297.453125	11269.090820
1298.515625	11198.608398
1299.577148	11118.681641
1300.639648	11448.346680
1301.701172	11356.667969
1302.762695	11519.312500
1303.824219	11354.583008
1304.884766	11345.294922
1305.945313	11368.998047
1307.005859	11395.070313
1308.066406	11487.172852
1309.126953	11473.192383
1310.186523	11376.648438
1311.246094	11426.342773
1312.305664	11235.353516
1313.364258	11513.999023
1314.423828	11469.323242
1315.482422	11304.195313
1316.541016	11389.364258
1317.598633	11330.459961
1318.657227	11481.837891
1319.714844	11560.015625
1320.772461	11411.279297
1321.829102	11387.801758
1322.886719	11437.631836
1323.943359	11343.183594
1325.000000	11435.619141
1326.056641	11591.999023
1327.112305	11466.750977
1328.167969	11509.558594
1329.223633	11630.539063
1330.279297	11472.056641
1331.333984	11476.989258
1332.389648	11555.389648
1333.444336	11377.826172
1334.498047	11373.260742
1335.552734	11532.324219
1336.606445	11539.654297
1337.660156	11471.069336
1338.713867	11196.000000
1339.766602	11402.643555
1340.820313	11481.180664
1341.873047	11476.641602
1342.925781	11331.965820
1343.977539	11507.949219
1345.030273	11358.465820
1346.082031	11437.088867
1347.132813	11249.489258
1348.184570	11366.171875
1349.235352	11461.502930
1350.287109	11445.069336
1351.336914	11552.362305
1352.387695	11224.163086
1353.437500	11436.202148
1354.488281	11412.611328
1355.537109	11219.915039
1356.586914	11341.580078
1357.635742	11182.141602
1358.685547	11113.195313
1359.734375	11070.441406
1360.782227	11249.416016
1361.831055	11206.676758
1362.878906	11273.651367
1363.926758	11385.992188
1364.973633	11455.428711
1366.021484	11195.479492
1367.068359	11209.992188
1368.115234	11248.394531
1369.162109	11267.707031
1370.208008	11279.862305
1371.253906	11320.704102
1372.299805	11146.429688
1373.345703	11122.707031
1374.390625	11144.413086
1375.436523	11120.682617
1376.481445	11111.298828
1377.525391	11214.391602
1378.570313	11027.893555
1379.614258	11131.019531
1380.658203	11037.817383
1381.702148	11100.275391
1382.745117	10927.960938
1383.788086	10908.944336
1384.831055	10985.804688
1385.874023	11057.907227
1386.916016	10954.977539
1387.958984	10955.148438
1389.000977	10993.709961
1390.041992	11061.090820
1391.083984	10874.057617
1392.125000	10946.248047
1393.166016	11016.074219
1394.207031	10905.773438
1395.247070	10908.350586
1396.287109	10925.350586
1397.327148	10985.629883
1398.367188	11134.904297
1399.406250	10957.172852
1400.446289	11041.565430
1401.485352	10950.352539
1402.523438	11001.093750
1403.562500	11056.676758
1404.600586	11052.092773
1405.638672	10888.550781
1406.676758	11064.604492
1407.713867	11113.037109
1408.750977	11089.189453
1409.788086	10954.438477
1410.825195	10891.964844
1411.861328	10814.993164
1412.897461	10880.323242
1413.933594	10926.381836
1414.969727	10793.855469
1416.004883	10789.221680
1417.040039	11023.656250
1418.075195	11156.758789
1419.110352	10913.035156
1420.144531	10935.018555
1421.178711	10964.266602
1422.212891	10894.403320
1423.247070	10955.099609
1424.280273	10967.449219
1425.313477	10810.440430
1426.346680	10859.068359
1427.378906	10929.508789
1428.412109	10997.564453
1429.444336	10985.734375
1430.475586	11080.491211
1431.507813	11114.719727
1432.539063	10959.919922
1433.570313	10967.473633
1434.601563	10870.764648
1435.631836	10938.943359
1436.662109	10849.462891
1437.692383	10951.648438
1438.722656	10949.515625
1439.751953	10821.132813
1440.782227	10869.969727
1441.810547	10879.968750
1442.839844	10763.629883
1443.868164	10924.292969
1444.897461	10851.669922
1445.924805	10932.200195
1446.953125	10971.427734
1447.980469	10789.295898
1449.007813	10813.913086
1450.035156	10697.374023
1451.062500	10729.290039
1452.088867	10683.297852
1453.115234	10605.620117
1454.141602	10710.638672
1455.166992	10606.126953
1456.192383	10677.078125
1457.217773	10679.795898
1458.243164	10619.106445
1459.267578	10580.344727
1460.291992	10587.929688
1461.316406	10461.277344
1462.340820	10461.517578
1463.364258	10471.529297
1464.387695	10410.711914
1465.411133	10474.474609
1466.433594	10413.632813
1467.456055	10352.762695
1468.478516	10463.028320
1469.500977	10424.158203
1470.522461	10605.454102
1471.543945	10417.333984
1472.565430	10427.385742
1473.586914	10324.821289
1474.607422	10413.230469
1475.627930	10469.842773
1476.648438	10345.166016
1477.668945	10338.073242
1478.688477	10237.819336
1479.708008	10294.458008
1480.726563	10201.505859
1481.746094	10390.662109
1482.764648	10123.446289
1483.783203	10189.948242
1484.800781	10118.982422
1485.819336	9971.841797
1486.836914	10035.910156
1487.853516	10144.249023
1488.871094	9974.885742
1489.887695	9970.170898
1490.904297	9985.131836
1491.920898	9975.503906
1492.936523	9958.492188
1493.952148	9811.022461
1494.967773	9914.604492
1495.982422	9759.662109
1496.998047	9764.757813
1498.012695	9718.115234
1499.026367	9622.158203
1500.041016	9708.587891
1501.054688	9590.387695
