346.043945	3589.666260
347.313477	3652.677490
348.582031	3663.197998
349.851563	3797.822754
351.120117	3820.197754
352.389648	3856.376221
353.657227	3908.336914
354.925781	3972.145996
356.194336	4006.405029
357.461914	4135.335449
358.729492	4226.840332
359.996094	4237.497559
361.263672	4230.401855
362.530273	4245.013184
363.796875	4411.620117
365.062500	4467.733398
366.329102	4612.728027
367.594727	4568.178223
368.860352	4600.652832
370.125977	4729.953613
371.390625	4699.238281
372.655273	4828.609863
373.919922	4677.314453
375.184570	4862.097656
376.449219	5039.042480
377.712891	4951.001953
378.976563	5078.574707
380.240234	5097.365234
381.502930	5159.706543
382.765625	5321.050781
384.028320	5355.743652
385.291016	5245.887207
386.552734	5437.057617
387.815430	5485.665527
389.077148	5510.515625
390.337891	5541.323242
391.599609	5584.037598
392.860352	5636.683594
394.121094	5671.504395
395.381836	5720.224609
396.641602	5719.370117
397.901367	5839.553711
399.161133	5878.417969
400.420898	6008.608887
401.679688	6079.291504
402.938477	6014.969238
404.197266	6040.001953
405.456055	6027.300781
406.713867	5992.739746
407.971680	6208.576172
409.229492	6205.844727
410.487305	6197.149414
411.744141	6232.200684
413.000977	6392.573242
414.257813	6332.190918
415.514648	6329.489258
416.770508	6434.258301
418.026367	6539.070801
419.282227	6624.017578
420.537109	6798.613281
421.792969	6764.142578
423.047852	6725.675293
424.301758	6739.001465
425.556641	6923.733887
426.810547	6871.326172
428.064453	7062.145508
429.318359	7039.661621
430.571289	7013.180176
431.824219	7158.264648
433.077148	7093.886230
434.330078	7255.017090
435.582031	7304.423828
436.833984	7351.855957
438.085938	7527.124023
439.337891	7384.859375
440.588867	7422.352539
441.839844	7641.712891
443.090820	7615.316895
444.341797	7844.807617
445.591797	7808.447754
446.841797	7816.075195
448.091797	7823.707031
449.340820	7897.372070
450.589844	7919.036133
451.838867	7972.738281
453.087891	7902.333008
454.335938	8032.153320
455.583984	7989.775391
456.832031	8041.540039
458.080078	8113.365723
459.327148	8095.033203
460.574219	8297.205078
461.821289	7994.187500
463.067383	8134.256348
464.313477	8282.409180
465.559570	8240.024414
466.805664	8233.745117
468.051758	8303.737305
469.296875	8329.592773
470.541992	8389.597656
471.786133	8361.256836
473.031250	8471.519531
474.275391	8431.130859
475.518555	8571.604492
476.762695	8478.958008
478.005859	8617.494141
479.249023	8490.632813
480.492188	8524.636719
481.734375	8715.584961
482.976563	8665.135742
484.218750	8745.496094
485.460938	8833.945313
486.702148	8759.330078
487.943359	8847.823242
489.184570	8821.528320
490.425781	8912.090820
491.666016	8811.232422
492.906250	8998.592773
494.145508	9016.670898
495.385742	8933.923828
496.625000	8835.004883
497.864258	8998.327148
499.102539	9056.785156
500.341797	9097.104492
501.580078	9171.763672
502.817383	9117.219727
504.055664	9197.976563
505.292969	9202.002930
506.530273	9244.423828
507.767578	9327.286133
509.003906	9416.250000
510.240234	9351.584961
511.476563	9511.379883
512.712891	9555.943359
513.948242	9632.900391
515.183594	9673.464844
516.418945	9566.283203
517.653320	9633.173828
518.887695	9679.842773
520.122070	9615.130859
521.356445	9617.248047
522.589844	9783.506836
523.823242	9544.467773
525.056641	9789.849609
526.289063	9869.066406
527.521484	9905.725586
528.753906	9997.176758
529.986328	9997.359375
531.217773	9914.331055
532.449219	9888.107422
533.680664	9997.913086
534.912109	9927.018555
536.142578	9868.281250
537.373047	9976.125977
538.603516	9901.117188
539.833008	9852.501953
541.062500	9958.384766
542.291992	10074.483398
543.521484	9991.296875
544.750000	10087.111328
545.978516	10075.116211
547.207031	9877.892578
548.434570	9894.349609
549.662109	9888.414063
550.889648	9978.206055
552.117188	10033.405273
553.343750	10072.329102
554.570313	9921.722656
555.796875	9917.829102
557.022461	10030.161133
558.248047	9983.461914
559.473633	9904.101563
560.699219	10010.386719
561.923828	9959.572266
563.148438	10002.636719
564.373047	9921.170898
565.597656	10039.811523
566.821289	9868.437500
568.044922	10027.985352
569.268555	10146.731445
570.491211	10071.341797
571.713867	10100.191406
572.936523	10037.027344
574.158203	10094.520508
575.380859	9892.203125
576.602539	10049.964844
577.823242	9915.094727
579.044922	10048.365234
580.265625	10071.115234
581.486328	10118.455078
582.706055	10135.085938
583.925781	10237.791016
585.145508	10262.656250
586.365234	10236.279297
587.584961	10093.006836
588.803711	10058.376953
590.022461	10136.564453
591.240234	10128.604492
592.458008	10303.309570
593.675781	10176.315430
594.893555	10209.427734
596.111328	10209.693359
597.328125	10489.346680
598.544922	10315.020508
599.760742	10350.250977
600.977539	10467.726563
602.193359	10445.434570
603.408203	10328.526367
604.624023	10392.592773
605.838867	10483.437500
607.053711	10459.071289
608.267578	10360.587891
609.482422	10406.189453
610.696289	10400.325195
611.910156	10357.379883
613.123047	10382.408203
614.335938	10537.283203
615.548828	10469.603516
616.761719	10480.242188
617.973633	10327.964844
619.185547	10367.455078
620.397461	10281.106445
621.608398	10172.016602
622.820313	10376.632813
624.030273	10412.041016
625.241211	10121.175781
626.451172	10297.002930
627.662109	10392.333008
628.871094	10369.914063
630.081055	10368.155273
631.290039	10322.978516
632.499023	10348.090820
633.708008	10141.550781
634.916016	10309.388672
636.124023	10222.768555
637.332031	10158.876953
638.539063	10301.990234
639.747070	10157.326172
640.954102	10153.442383
642.160156	10159.916016
643.367188	10323.882813
644.573242	10166.653320
645.778320	10150.329102
646.984375	10150.586914
648.189453	10078.249023
649.394531	10165.623047
650.599609	10057.978516
651.803711	10124.632813
653.007813	10216.229492
654.211914	10239.342773
655.416016	10125.384766
656.619141	9899.190430
657.822266	10044.845703
659.025391	10163.547852
660.227539	10226.173828
661.429688	10105.841797
662.631836	10058.250000
663.833984	9929.501953
665.035156	10089.929688
666.236328	10008.999023
667.437500	10027.957031
668.637695	10105.226563
669.837891	10038.822266
671.038086	9984.885742
672.238281	9997.603516
673.437500	10035.335938
674.636719	9918.821289
675.835938	10006.595703
677.034180	10058.955078
678.232422	10019.549805
679.430664	10034.376953
680.628906	10097.212891
681.826172	10145.464844
683.023438	10097.688477
684.220703	10072.864258
685.416992	10129.499023
686.614258	10181.979492
687.810547	10002.500000
689.005859	10109.325195
690.202148	10145.109375
691.397461	10134.898438
692.591797	10135.141602
693.787109	10338.343750
694.981445	10204.691406
696.175781	10223.789063
697.370117	10265.926758
698.563477	10033.732422
699.756836	10197.341797
700.950195	9971.308594
702.142578	10178.988281
703.335938	10128.928711
704.528320	10131.261719
705.719727	9946.947266
706.912109	9980.704102
708.103516	10062.733398
709.294922	10121.714844
710.485352	9975.009766
711.676758	10092.785156
712.867188	10122.412109
714.056641	10204.565430
715.247070	10036.730469
716.436523	10045.346680
717.625977	10056.069336
718.814453	10163.510742
720.003906	10069.113281
721.192383	10115.605469
722.379883	9947.514648
723.568359	10023.459961
724.755859	9933.151367
725.943359	9891.224609
727.130859	10030.385742
728.317383	9980.035156
729.503906	10013.935547
730.690430	10037.313477
731.875977	10062.809570
733.062500	9925.976563
734.248047	9797.514648
735.432617	10103.506836
736.618164	9962.366211
737.802734	9973.099609
738.987305	10038.715820
740.170898	9979.798828
741.354492	9918.742188
742.538086	9897.789063
743.721680	9997.248047
744.905273	9931.924805
746.087891	9919.413086
747.270508	9985.117188
748.452148	10006.443359
749.634766	9977.015625
750.816406	9932.764648
751.997070	9951.975586
753.178711	10000.826172
754.359375	10007.357422
755.540039	10020.243164
756.720703	9939.940430
757.900391	9876.547852
759.080078	9772.865234
760.259766	9921.352539
761.439453	9989.348633
762.618164	9904.702148
763.796875	10019.384766
764.975586	9966.525391
766.153320	10004.883789
767.331055	10032.646484
768.508789	10047.683594
769.686523	10143.416016
770.863281	9988.574219
772.040039	9948.375977
773.216797	10099.394531
774.393555	10125.085938
775.569336	10029.617188
776.745117	10029.788086
777.920898	9891.715820
779.095703	9904.616211
780.270508	10140.937500
781.445313	10077.282227
782.620117	10122.162109
783.793945	10054.212891
784.967773	10043.733398
786.141602	10028.988281
787.314453	10082.416992
788.487305	10031.442383
789.660156	9844.016602
790.833008	10033.894531
792.004883	10183.337891
793.176758	9923.289063
794.348633	10077.041016
795.520508	9927.820313
796.691406	10015.469727
797.862305	9983.592773
799.033203	10037.124023
800.203125	9962.515625
801.374023	9973.333008
802.543945	10076.045898
803.712891	9937.267578
804.882813	9986.567383
806.051758	10040.166016
807.220703	10001.812500
808.388672	9837.211914
809.556641	9929.329102
810.724609	10006.503906
811.892578	10010.920898
813.060547	9987.501953
814.227539	9940.509766
815.394531	9824.938477
816.560547	9930.029297
817.727539	9966.580078
818.893555	10020.295898
820.059570	9958.242188
821.224609	9797.498047
822.390625	9889.825195
823.555664	10070.169922
824.720703	9984.458008
825.884766	10010.336914
827.048828	10051.257813
828.212891	10105.082031
829.376953	9929.070313
830.540039	9927.022461
831.703125	9952.913086
832.866211	9965.915039
834.029297	10079.980469
835.191406	9972.579102
836.353516	9910.301758
837.515625	9860.904297
838.677734	9925.545898
839.838867	9796.482422
841.000000	9938.647461
842.161133	9938.739258
843.321289	9921.598633
844.481445	10012.175781
845.641602	9945.475586
846.801758	10042.563477
847.960938	9846.476563
849.120117	9993.182617
850.279297	9820.721680
851.438477	9753.897461
852.596680	9924.416016
853.754883	9997.880859
854.913086	9911.617188
856.070313	9959.196289
857.228516	9786.487305
858.385742	9797.331055
859.541992	9758.479492
860.699219	9782.288086
861.855469	9905.550781
863.011719	9862.368164
864.166992	9886.212891
865.323242	9847.331055
866.478516	9823.577148
867.633789	9888.546875
868.788086	9804.175781
869.943359	9799.879883
871.097656	9886.541992
872.251953	9745.789063
873.405273	9741.473633
874.558594	9795.668945
875.711914	9797.863281
876.865234	9730.676758
878.018555	9691.651367
879.170898	9871.689453
880.323242	9702.499023
881.474609	9752.411133
882.626953	9674.280273
883.778320	9865.325195
884.929688	9993.480469
886.080078	9800.229492
887.231445	9772.002930
888.381836	9789.395508
889.532227	9852.437500
890.681641	9800.286133
891.832031	9717.667969
892.981445	9839.457031
894.129883	9885.158203
895.279297	9848.194336
896.427734	9863.446289
897.576172	9800.336914
898.724609	9859.129883
899.872070	9889.635742
901.019531	9854.803711
902.166992	9998.619141
903.314453	9809.062500
904.461914	9756.747070
905.608398	9789.438477
906.754883	9645.501953
907.900391	9638.917969
909.046875	9835.231445
910.192383	9811.226563
911.337891	9819.951172
912.482422	9907.272461
913.627930	9828.672852
914.772461	9778.430664
915.916016	9817.735352
917.060547	9787.131836
918.204102	9817.710938
919.347656	9887.652344
920.491211	9828.615234
921.634766	9902.960938
922.777344	9808.898438
923.919922	9721.357422
925.062500	9837.306641
926.204102	9896.392578
927.345703	9977.397461
928.487305	9913.901367
929.628906	9756.186523
930.770508	9935.801758
931.911133	9935.800781
933.051758	9898.537109
934.191406	9889.755859
935.332031	9889.740234
936.471680	9944.557617
937.611328	9889.707031
938.750977	9839.219727
939.889648	9891.863281
941.028320	9933.552734
942.166992	9931.344727
943.305664	9900.583008
944.443359	9953.282227
945.581055	10098.284180
946.718750	9852.164063
947.856445	9900.486328
948.993164	10085.144531
950.129883	9893.833984
951.266602	9968.588867
952.403320	9966.373047
953.539063	9884.934570
954.674805	9928.918945
955.810547	9862.844727
956.945313	9759.306641
958.081055	9904.603516
959.215820	9897.957031
960.350586	9845.034180
961.484375	9849.389648
962.618164	9708.253906
963.752930	9758.881836
964.885742	9738.958008
966.019531	9749.907227
967.152344	9714.526367
968.285156	9743.126953
969.417969	9745.250977
970.550781	9599.453125
971.682617	9617.001953
972.814453	9687.568359
973.946289	9727.234375
975.077148	9709.463867
976.208008	9780.092773
977.338867	9802.115234
978.469727	9795.402344
979.600586	9770.992188
980.730469	9671.358398
981.860352	9677.883789
982.990234	9684.412109
984.119141	9706.435547
985.249023	9675.332031
986.377930	9697.361328
987.505859	9752.625000
988.634766	9688.274414
989.762695	9606.167969
990.890625	9736.802734
992.018555	9716.742188
993.145508	9701.107422
994.273438	9669.939453
995.400391	9805.132813
996.526367	9838.317383
997.653320	9760.549805
998.779297	9684.966797
999.905273	9713.703125
1001.031250	9689.153320
1002.156250	9786.758789
1003.282227	9722.220703
1004.407227	9697.653320
1005.531250	9661.959961
1006.656250	9726.292969
1007.780273	9766.192383
1008.904297	9855.038086
1010.028320	9868.285156
1011.152344	9763.607422
1012.275391	9979.363281
1013.398438	9792.299805
1014.521484	9874.561523
1015.643555	9838.828125
1016.765625	9894.404297
1017.888672	9865.340820
1019.009766	9802.837891
1020.131836	9813.860352
1021.252930	9887.309570
1022.374023	9882.744141
1023.495117	9940.625000
1024.616211	9953.913086
1025.736328	9770.851563
1026.856445	9906.855469
1027.976563	9761.651367
1029.095703	9839.658203
1030.215820	9977.993164
1031.334961	9960.029297
1032.454102	10098.447266
1033.572266	10000.051758
1034.691406	9988.782227
1035.809570	9948.444336
1036.927734	9950.574219
1038.044922	9963.886719
1039.162109	9977.203125
1040.280273	9905.499023
1041.396484	9976.995117
1042.513672	9770.949219
1043.630859	9914.091797
1044.747070	9797.519531
1045.863281	9889.208984
1046.978516	9848.752930
1048.094727	9915.840820
1049.209961	9895.543945
1050.325195	9879.720703
1051.439453	9812.317383
1052.554688	9881.693359
1053.668945	9666.204102
1054.783203	9912.832031
1055.897461	9946.363281
1057.010742	10042.759766
1058.124023	9921.415039
1059.237305	9925.773438
1060.350586	9826.810547
1061.463867	9914.273438
1062.576172	9965.819336
1063.688477	9806.115234
1064.800781	9922.851563
1065.912109	9891.234375
1067.023438	9821.369141
1068.135742	9816.708984
1069.246094	9904.293945
1070.357422	9762.371094
1071.467773	9822.968750
1072.578125	9771.021484
1073.688477	9701.037109
1074.798828	9754.900391
1075.908203	9689.386719
1077.017578	9711.722656
1078.126953	9810.695313
1079.236328	9742.894531
1080.344727	9724.668945
1081.453125	9753.793945
1082.561523	9742.327148
1083.669922	9633.840820
1084.777344	9739.688477
1085.884766	9732.723633
1086.992188	9773.165039
1088.099609	9885.880859
1089.207031	9797.632813
1090.313477	9790.670898
1091.419922	9747.553711
1092.525391	9806.116211
1093.631836	9871.485352
1094.737305	9832.876953
1095.842773	9647.258789
1096.948242	9723.942383
1098.053711	9807.445313
1099.158203	9709.953125
1100.262695	9682.583008
1101.367188	9763.864258
1102.470703	9750.078125
1103.575195	9774.786133
1104.678711	9838.013672
1105.782227	9860.484375
1106.884766	9742.458008
1107.988281	9873.717773
1109.090820	9889.406250
1110.193359	9993.539063
1111.295898	9807.394531
1112.397461	9875.254883
1113.499023	10024.831055
1114.600586	9811.337891
1115.702148	9870.160156
1116.802734	9774.610352
1117.904297	9799.382813
1119.004883	9876.410156
1120.104492	9692.192383
1121.205078	9780.589844
1122.304688	9878.115234
1123.404297	9830.184570
1124.503906	9779.958008
1125.603516	9847.977539
1126.702148	9843.229492
1127.800781	9865.782227
1128.899414	9881.517578
1129.998047	9915.468750
1131.095703	9783.229492
1132.193359	9917.372070
1133.291016	9848.852539
1134.388672	9841.816406
1135.485352	9850.726563
1136.583008	9928.014648
1137.679688	9973.419922
1138.775391	9836.433594
1139.872070	9852.190430
1140.967773	9817.768555
1142.063477	9915.663086
1143.159180	9972.520508
1144.254883	9956.361328
1145.349609	9880.836914
1146.444336	9800.712891
1147.539063	9670.307617
1148.632813	9759.154297
1149.727539	9841.182617
1150.821289	9792.976563
1151.915039	9765.323242
1153.008789	9723.939453
1154.101563	9920.370117
1155.194336	9908.735352
1156.287109	9862.779297
1157.379883	9853.415039
1158.471680	9999.683594
1159.564453	9859.856445
1160.656250	9889.410156
1161.748047	9992.263672
1162.838867	9811.112305
1163.929688	9925.447266
1165.021484	9776.288086
1166.111328	9961.720703
1167.202148	9830.846680
1168.291992	9713.675781
1169.382813	9713.429688
1170.471680	9628.300781
1171.561523	9719.818359
1172.651367	9774.653320
1173.740234	9730.802734
1174.829102	9746.630859
1175.916992	9783.132813
1177.005859	9711.691406
1178.093750	9686.169922
1179.181641	9681.318359
1180.269531	9724.731445
1181.357422	9738.277344
1182.444336	9848.404297
1183.531250	9815.983398
1184.618164	9824.955078
1185.704102	9728.090820
1186.791016	9792.280273
1187.876953	9934.758789
1188.962891	9911.530273
1190.048828	9701.763672
1191.133789	9738.361328
1192.218750	9830.264648
1193.303711	9827.732422
1194.388672	9781.408203
1195.473633	9811.136719
1196.557617	9684.088867
1197.641602	9769.159180
1198.725586	9768.916992
1199.808594	9710.994141
1200.892578	9689.970703
1201.975586	9918.220703
1203.058594	9827.971680
1204.140625	9947.816406
1205.223633	10051.544922
1206.305664	10012.089844
1207.387695	9898.677734
1208.468750	9933.127930
1209.550781	9988.398438
1210.631836	9837.916016
1211.712891	9909.375977
1212.793945	9918.415039
1213.874023	9888.126953
1214.955078	9864.767578
1216.035156	9890.004883
1217.114258	9987.017578
1218.194336	9926.616211
1219.273438	9843.030273
1220.353516	9898.398438
1221.431641	9796.234375
1222.510742	9928.092773
1223.588867	9860.662109
1224.667969	9934.628906
1225.746094	10129.212891
1226.823242	9864.628906
1227.901367	9899.205078
1228.978516	10003.409180
1230.055664	10021.783203
1231.132813	10074.986328
1232.208984	10084.096680
1233.286133	9965.477539
1234.362305	9877.005859
1235.438477	10085.892578
1236.513672	10029.944336
1237.588867	9934.458008
1238.665039	9901.702148
1239.739258	9989.853516
1240.814453	10138.515625
1241.889648	9959.221680
1242.963867	10061.403320
1244.038086	9849.434570
1245.111328	9898.095703
1246.185547	9967.733398
1247.258789	10074.663086
1248.332031	10153.687500
1249.405273	10097.613281
1250.478516	10015.880859
1251.550781	9978.401367
1252.623047	9968.881836
1253.695313	10064.291992
1254.766602	9940.501953
1255.838867	10045.279297
1256.910156	10026.433594
1257.981445	10005.247070
1259.051758	10077.425781
1260.123047	10212.677734
1261.193359	10049.061523
1262.263672	10165.678711
1263.333984	10107.119141
1264.403320	10006.471680
1265.472656	10249.375000
1266.541992	10190.796875
1267.611328	10015.276367
1268.680664	10096.957031
1269.749023	10314.357422
1270.817383	10190.228516
1271.885742	10246.256836
1272.954102	10065.878906
1274.021484	10217.904297
1275.088867	10173.274414
1276.156250	10177.816406
1277.223633	10130.817383
1278.290039	10104.889648
1279.356445	10193.803711
1280.422852	10113.957031
1281.489258	10158.358398
1282.554688	10097.234375
1283.620117	10054.852539
1284.685547	10038.263672
1285.750977	10317.389648
1286.816406	10225.732422
1287.880859	10192.736328
1288.945313	10216.090820
1290.009766	10239.456055
1291.073242	10258.133789
1292.137695	10128.766602
1293.201172	10272.009766
1294.264648	10278.954102
1295.327148	10165.969727
1296.390625	10114.091797
1297.453125	10172.766602
1298.515625	10287.942383
1299.577148	10421.999023
1300.639648	10174.739258
1301.701172	10304.122070
1302.762695	10353.485352
1303.824219	10134.319336
1304.884766	10204.875000
1305.945313	10398.013672
1307.005859	10115.069336
1308.066406	10327.137695
1309.126953	10232.719727
1310.186523	10456.704102
1311.246094	10350.478516
1312.305664	10390.518555
1313.364258	10244.107422
1314.423828	10338.445313
1315.482422	10336.006836
1316.541016	10383.169922
1317.598633	10435.079102
1318.657227	10420.849609
1319.714844	10269.529297
1320.772461	10373.460938
1321.829102	10524.730469
1322.886719	10387.527344
1323.943359	10370.910156
1325.000000	10380.315430
1326.056641	10408.659180
1327.112305	10607.455078
1328.167969	10427.503906
1329.223633	10429.829102
1330.279297	10467.689453
1331.333984	10387.101563
1332.389648	10448.669922
1333.444336	10474.710938
1334.498047	10460.459961
1335.552734	10498.375977
1336.606445	10332.319336
1337.660156	10391.578125
1338.713867	10310.856445
1339.766602	10363.018555
1340.820313	10284.630859
1341.873047	10431.798828
1342.925781	10260.761719
1343.977539	10246.445313
1345.030273	10393.708984
1346.082031	10391.303711
1347.132813	10419.803711
1348.184570	10415.027344
1349.235352	10341.277344
1350.287109	10388.821289
1351.336914	10403.075195
1352.387695	10143.634766
1353.437500	10329.243164
1354.488281	10226.824219
1355.537109	10050.528320
1356.586914	10295.801758
1357.635742	10209.988281
1358.685547	10128.904297
1359.734375	10250.409180
1360.782227	10171.684570
1361.831055	10226.480469
1362.878906	10169.186523
1363.926758	10314.678711
1364.973633	10340.911133
1366.021484	10223.931641
1367.068359	10245.383789
1368.115234	10266.846680
1369.162109	10302.654297
1370.208008	10207.069336
1371.253906	10144.899414
1372.299805	10073.140625
1373.345703	10039.605469
1374.390625	10013.231445
1375.436523	10022.727539
1376.481445	10005.911133
1377.525391	10154.217773
1378.570313	9945.929688
1379.614258	10094.294922
1380.658203	10087.066406
1381.702148	10058.277344
1382.745117	9988.745117
1383.788086	9919.182617
1384.831055	9945.472656
1385.874023	10127.624023
1386.916016	10096.421875
1387.958984	9976.453125
1389.000977	9981.194336
1390.041992	9949.942383
1391.083984	10012.294922
1392.125000	10036.261719
1393.166016	9920.951172
1394.207031	9940.107422
1395.247070	9992.914063
1396.287109	9882.323242
1397.327148	9834.182617
1398.367188	9915.860352
1399.406250	10072.132813
1400.446289	9968.681641
1401.485352	9922.929688
1402.523438	9971.020508
1403.562500	9908.400391
1404.600586	9920.396484
1405.638672	9884.232422
1406.676758	9823.961914
1407.713867	10016.672852
1408.750977	9913.026367
1409.788086	9799.690430
1410.825195	9828.570313
1411.861328	9809.227539
1412.897461	9794.703125
1413.933594	9920.131836
1414.969727	9835.635742
1416.004883	9927.339844
1417.040039	9924.913086
1418.075195	9915.240234
1419.110352	9881.406250
1420.144531	9949.053711
1421.178711	10023.988281
1422.212891	9813.666992
1423.247070	9927.302734
1424.280273	9900.699219
1425.313477	9920.055664
1426.346680	9917.642578
1427.378906	9939.437500
1428.412109	9966.088867
1429.444336	10012.130859
1430.475586	9864.398438
1431.507813	9796.557617
1432.539063	9852.293945
1433.570313	9801.391602
1434.601563	9801.389648
1435.631836	9871.729492
1436.662109	9944.532227
1437.692383	9794.118164
1438.722656	9862.087891
1439.751953	9871.825195
1440.782227	9721.289063
1441.810547	9772.295898
1442.839844	9864.635742
1443.868164	9833.078125
1444.897461	9886.590820
1445.924805	9713.999023
1446.953125	9718.870117
1447.980469	9682.389648
1449.007813	9706.727539
1450.035156	9636.155273
1451.062500	9772.491211
1452.088867	9636.154297
1453.115234	9714.104492
1454.141602	9575.252930
1455.166992	9567.935547
1456.192383	9482.610352
1457.217773	9528.914063
1458.243164	9728.896484
1459.267578	9455.709961
1460.291992	9555.734375
1461.316406	9611.877930
1462.340820	9401.938477
1463.364258	9419.003906
1464.387695	9377.457031
1465.411133	9294.355469
1466.433594	9460.496094
1467.456055	9702.506836
1468.478516	9538.741211
1469.500977	9546.102539
1470.522461	9472.737305
1471.543945	9536.375000
1472.565430	9421.363281
1473.586914	9338.124023
1474.607422	9391.989258
1475.627930	9286.657227
1476.648438	9333.192383
1477.668945	9230.247070
1478.688477	9281.701172
1479.708008	9284.139648
1480.726563	9409.227539
1481.746094	9306.206055
1482.764648	9345.474609
1483.783203	9291.484375
1484.800781	9161.349609
1485.819336	9232.550781
1486.836914	9254.656250
1487.853516	9222.713867
1488.871094	9082.602539
1489.887695	9067.815430
1490.904297	9048.103516
1491.920898	9148.927734
1492.936523	8974.208984
1493.952148	8843.704102
1494.967773	8961.797852
1495.982422	8993.763672
1496.998047	8737.537109
1498.012695	8828.602539
1499.026367	8808.809570
1500.041016	8860.503906
1501.054688	8788.928711
